channel	pmt	cluster	global_number	gain	k_adc	rel_sens	code_per_pe	x	y	cur_count_rate_channel	amplitude	ignore_status

4 1 1 29 1.04 1.14 1.076 14.595 -59.35 -52.7 2 0 0
5 1 1 29 1.04 4.841 1.076 3.436 -59.35 -52.7 2 0 0
6 8 1 225 0.925 1.135 0.87 13.034 -75.32 25.05 3 0 0
7 8 1 225 0.925 4.419 0.87 3.349 -75.32 25.05 3 0 0
8 5 1 141 0.885 1.084 1.067 13.06 -55.43 -22.96 4 0 0
9 5 1 141 0.885 5.808 1.067 2.438 -55.43 -22.96 4 0 0
10 12 1 337 0.975 1.174 0.898 13.279 -71.4 54.79 5 0 0
11 12 1 337 0.975 5.125 0.898 3.043 -71.4 54.79 5 0 0
12 4 1 113 0.892 1.266 0.823 11.274 -83.15 -34.44 6 0 0
13 4 1 113 0.892 6.399 0.823 2.23 -83.15 -34.44 6 0 0
14 11 1 309 0.937 1.223 0.845 12.255 -99.12 43.31 7 0 0
15 11 1 309 0.937 6.074 0.845 2.468 -99.12 43.31 7 0 0
16 3 1 85 0.936 1.184 1.069 12.654 -87.06 -64.18 8 0 0
17 3 1 85 0.936 4.79 1.069 3.127 -87.06 -64.18 8 0 0
18 10 1 281 0.853 1.13 0.94 12.069 -103.03 13.56 9 0 0
19 10 1 281 0.853 4.42 0.94 3.086 -103.03 13.56 9 0 0
20 2 1 57 0.791 1.256 1.228 10.08 -63.26 -82.45 10 0 0
21 2 1 57 0.791 4.639 1.228 2.728 -63.26 -82.45 10 0 0
22 9 1 253 0.761 1.18 1.093 10.33 -79.23 -4.7 11 0 0
23 9 1 253 0.761 4.933 1.093 2.47 -79.23 -4.7 11 0 0
24 7 1 197 0.937 1.241 1.144 12.085 -35.55 -70.97 12 0 0
25 7 1 197 0.937 5.806 1.144 2.583 -35.55 -70.97 12 0 0
26 14 1 393 0.813 1.26 0.934 10.321 -51.52 6.78 13 0 0
27 14 1 393 0.813 5.181 0.934 2.511 -51.52 6.78 13 0 0
28 6 1 169 0.826 1.208 1.146 10.947 -31.63 -41.22 14 0 0
29 6 1 169 0.826 5.561 1.146 2.377 -31.63 -41.22 14 0 0
30 13 1 365 0.767 1.204 0.986 10.192 -47.6 36.53 15 0 0
31 13 1 365 0.767 5.553 0.986 2.209 -47.6 36.53 15 0 0
32 24 1 673 0.752 1.209 1.112 9.959 -27.72 -11.48 16 0 0
33 24 1 673 0.752 6.925 1.112 1.738 -27.72 -11.48 16 0 0
34 17 1 477 0.908 1.174 1.034 12.372 -43.69 66.27 17 0 0
35 17 1 477 0.908 5.748 1.034 2.527 -43.69 66.27 17 0 0
36 25 1 701 1.044 1.16 0.857 14.398 -23.8 18.26 18 0 0
37 25 1 701 1.044 5.491 0.857 3.042 -23.8 18.26 18 0 0
38 18 1 505 0.872 1.139 0.996 12.243 -39.77 96.01 19 0 0
39 18 1 505 0.872 6.017 0.996 2.318 -39.77 96.01 19 0 0
40 26 1 729 0.799 1.153 1.255 11.089 3.92 29.74 20 0 0
41 26 1 729 0.799 6.161 1.255 2.076 3.92 29.74 20 0 0
42 19 1 533 0.813 1.234 1.054 10.534 -12.05 107.49 21 0 0
43 19 1 533 0.813 6.743 1.054 1.928 -12.05 107.49 21 0 0
44 27 1 757 1.083 1.175 0.833 14.739 27.72 11.48 22 0 0
45 27 1 757 1.083 5.908 0.833 2.932 27.72 11.48 22 0 0
46 20 1 561 0.987 1.143 0.841 13.819 11.75 89.23 23 0 0
47 20 1 561 0.987 4.936 0.841 3.199 11.75 89.23 23 0 0
48 28 1 785 0.972 1.225 1.028 12.693 23.8 -18.26 24 0 0
49 28 1 785 0.972 6.79 1.028 2.29 23.8 -18.26 24 0 0
50 21 1 589 0.845 1.147 1.034 11.792 7.83 59.49 25 0 0
51 21 1 589 0.845 6.862 1.034 1.971 7.83 59.49 25 0 0
52 23 1 645 0.86 1.184 0.99 11.618 -3.92 -29.74 26 0 0
53 23 1 645 0.86 6.391 0.99 2.152 -3.92 -29.74 26 0 0
54 16 1 449 1.06 1.181 0.992 14.353 -19.88 48.01 27 0 0
55 16 1 449 1.06 5.919 0.992 2.864 -19.88 48.01 27 0 0
56 22 1 617 0.825 1.212 1.024 10.894 0.0 0.0 28 0 0
57 22 1 617 0.825 5.652 1.024 2.335 0.0 0.0 28 0 0
58 15 1 421 0.764 1.188 1.255 10.289 -15.97 77.75 29 0 0
59 15 1 421 0.764 5.571 1.255 2.194 -15.97 77.75 29 0 0
4 1 2 30 0.986 1.17 1.033 13.487 59.35 52.7 2 0 0
5 1 2 30 0.986 5.591 1.033 2.822 59.35 52.7 2 0 0
6 8 2 226 1.155 1.168 0.858 15.83 43.38 130.45 3 0 0
7 8 2 226 1.155 4.873 0.858 3.793 43.38 130.45 3 0 0
8 5 2 142 0.889 1.228 1.126 11.589 63.26 82.45 4 0 0
9 5 2 142 0.889 7.017 1.126 2.028 63.26 82.45 4 0 0
10 12 2 338 0.873 1.278 1.02 10.93 47.3 160.2 5 0 0
11 12 2 338 0.873 6.126 1.02 2.281 47.3 160.2 5 0 0
12 4 2 114 0.904 1.224 1.365 11.812 35.55 70.97 6 0 0
13 4 2 114 0.904 6.216 1.365 2.326 35.55 70.97 6 0 0
14 11 2 310 0.909 1.114 0.823 13.051 19.58 148.72 7 0 0
15 11 2 310 0.909 5.045 0.823 2.883 19.58 148.72 7 0 0
16 3 2 86 1.048 1.221 0.866 13.736 31.63 41.22 8 0 0
17 3 2 86 1.048 5.243 0.866 3.199 31.63 41.22 8 0 0
18 10 2 282 1.128 1.143 0.913 15.796 15.66 118.97 9 0 0
19 10 2 282 1.128 5.817 0.913 3.103 15.66 118.97 9 0 0
20 2 2 58 0.883 1.185 0.848 11.924 55.43 22.96 10 0 0
21 2 2 58 0.883 4.751 0.848 2.973 55.43 22.96 10 0 0
22 9 2 254 0.822 1.157 1.079 11.363 39.46 100.71 11 0 0
23 9 2 254 0.822 7.622 1.079 1.725 39.46 100.71 11 0 0
24 7 2 198 1.117 1.176 0.723 15.193 83.15 34.44 12 0 0
25 7 2 198 1.117 7.241 0.723 2.468 83.15 34.44 12 0 0
26 14 2 394 1.168 1.305 0.937 14.317 67.18 112.19 13 0 0
27 14 2 394 1.168 7.451 0.937 2.508 67.18 112.19 13 0 0
28 6 2 170 1.004 1.172 0.988 13.705 87.06 64.18 14 0 0
29 6 2 170 1.004 5.166 0.988 3.11 87.06 64.18 14 0 0
30 13 2 366 1.094 1.1 0.649 15.92 71.1 141.93 15 0 0
31 13 2 366 1.094 5.393 0.649 3.247 71.1 141.93 15 0 0
32 24 2 674 0.967 1.091 1.028 14.171 90.98 93.93 16 0 0
33 24 2 674 0.967 5.772 1.028 2.68 90.98 93.93 16 0 0
34 17 2 478 0.803 1.081 1.187 11.89 75.01 171.68 17 0 0
35 17 2 478 0.803 5.07 1.187 2.535 75.01 171.68 17 0 0
36 25 2 702 0.942 1.144 0.937 13.171 94.9 123.67 18 0 0
37 25 2 702 0.942 6.013 0.937 2.506 94.9 123.67 18 0 0
38 18 2 506 0.89 1.203 1.057 11.837 78.93 201.42 19 0 0
39 18 2 506 0.89 5.802 1.057 2.453 78.93 201.42 19 0 0
40 26 2 730 0.933 1.28 1.688 11.67 122.61 135.15 20 0 0
41 26 2 730 0.933 6.534 1.688 2.286 122.61 135.15 20 0 0
42 19 2 534 0.892 1.094 0.974 13.041 106.64 212.9 21 0 0
43 19 2 534 0.892 5.583 0.974 2.556 106.64 212.9 21 0 0
44 27 2 758 1.03 1.245 1.188 13.236 146.41 116.89 22 0 0
45 27 2 758 1.03 6.226 1.188 2.646 146.41 116.89 22 0 0
46 20 2 562 0.921 1.14 0.907 12.933 130.44 194.64 23 0 0
47 20 2 562 0.921 5.593 0.907 2.636 130.44 194.64 23 0 0
48 28 2 786 0.896 1.119 0.983 12.806 142.5 87.15 24 0 0
49 28 2 786 0.896 6.344 0.983 2.26 142.5 87.15 24 0 0
50 21 2 590 1.091 1.148 0.848 15.205 126.53 164.9 25 0 0
51 21 2 590 1.091 5.767 0.848 3.027 126.53 164.9 25 0 0
52 23 2 646 0.99 1.072 0.647 14.777 114.78 75.67 26 0 0
53 23 2 646 0.99 4.576 0.647 3.462 114.78 75.67 26 0 0
54 16 2 450 0.902 1.23 1.079 11.726 98.81 153.41 27 0 0
55 16 2 450 0.902 7.646 1.079 1.887 98.81 153.41 27 0 0
56 22 2 618 0.839 1.196 1.156 11.219 118.7 105.41 28 0 0
57 22 2 618 0.839 5.464 1.156 2.456 118.7 105.41 28 0 0
58 15 2 422 0.797 1.135 0.927 11.237 102.73 183.16 29 0 0
59 15 2 422 0.797 5.244 0.927 2.432 102.73 183.16 29 0 0
4 1 3 31 1.193 1.324 1.077 14.414 31.94 -155.5 2 0 0
5 1 3 31 1.193 7.805 1.077 2.445 31.94 -155.5 2 0 0
6 8 3 227 1.05 1.272 1.088 13.197 15.97 -77.75 3 0 0
7 8 3 227 1.05 5.818 1.088 2.886 15.97 -77.75 3 0 0
8 5 3 143 0.99 1.189 1.02 13.327 35.85 -125.76 4 0 0
9 5 3 143 0.99 5.153 1.02 3.075 35.85 -125.76 4 0 0
10 12 3 339 0.83 1.205 0.915 11.023 19.88 -48.01 5 0 0
11 12 3 339 0.83 5.001 0.915 2.656 19.88 -48.01 5 0 0
12 4 3 115 1.081 1.076 0.76 16.071 8.14 -137.24 6 0 0
13 4 3 115 1.081 5.388 0.76 3.209 8.14 -137.24 6 0 0
14 11 3 311 0.834 1.224 1.385 10.909 -7.83 -59.49 7 0 0
15 11 3 311 0.834 6.745 1.385 1.979 -7.83 -59.49 7 0 0
16 3 3 87 1.189 1.235 1.058 15.405 4.22 -166.98 8 0 0
17 3 3 87 1.189 5.97 1.058 3.187 4.22 -166.98 8 0 0
18 10 3 283 1.066 1.132 0.941 15.067 -11.75 -89.23 9 0 0
19 10 3 283 1.066 4.752 0.941 3.591 -11.75 -89.23 9 0 0
20 2 3 59 0.773 1.158 1.22 10.681 28.02 -185.24 10 0 0
21 2 3 59 0.773 5.097 1.22 2.427 28.02 -185.24 10 0 0
22 9 3 255 0.883 1.213 1.086 11.649 12.05 -107.49 11 0 0
23 9 3 255 0.883 5.653 1.086 2.5 12.05 -107.49 11 0 0
24 7 3 199 0.874 1.18 1.282 11.856 55.74 -173.76 12 0 0
25 7 3 199 0.874 5.25 1.282 2.664 55.74 -173.76 12 0 0
26 14 3 395 1.03 1.221 0.961 13.506 39.77 -96.01 13 0 0
27 14 3 395 1.03 4.996 0.961 3.3 39.77 -96.01 13 0 0
28 6 3 171 1.216 1.217 1.011 15.99 59.65 -144.02 14 0 0
29 6 3 171 1.216 7.307 1.011 2.663 59.65 -144.02 14 0 0
30 13 3 367 0.894 1.169 1.271 12.23 43.69 -66.27 15 0 0
31 13 3 367 0.894 5.979 1.271 2.392 43.69 -66.27 15 0 0
32 24 3 675 0.884 1.114 1.053 12.693 63.57 -114.28 16 0 0
33 24 3 675 0.884 4.827 1.053 2.929 63.57 -114.28 16 0 0
34 17 3 479 1.161 1.178 1.025 15.765 47.6 -36.53 17 0 0
35 17 3 479 1.161 5.626 1.025 3.3 47.6 -36.53 17 0 0
36 25 3 703 0.978 1.231 1.176 12.712 67.49 -84.53 18 0 0
37 25 3 703 0.978 5.668 1.176 2.762 67.49 -84.53 18 0 0
38 18 3 507 0.91 1.176 1.019 12.377 51.52 -6.78 19 0 0
39 18 3 507 0.91 5.465 1.019 2.664 51.52 -6.78 19 0 0
40 26 3 731 1.184 1.113 0.805 17.02 95.2 -73.05 20 0 0
41 26 3 731 1.184 4.939 0.805 3.837 95.2 -73.05 20 0 0
42 19 3 535 1.099 1.112 0.823 15.807 79.23 4.7 21 0 0
43 19 3 535 1.099 5.413 0.823 3.247 79.23 4.7 21 0 0
44 27 3 759 0.974 1.18 1.18 13.208 119.0 -91.31 22 0 0
45 27 3 759 0.974 5.335 1.18 2.921 119.0 -91.31 22 0 0
46 20 3 563 0.948 1.164 1.329 13.04 103.03 -13.56 23 0 0
47 20 3 563 0.948 5.857 1.329 2.59 103.03 -13.56 23 0 0
48 28 3 787 0.945 1.13 1.268 13.377 115.09 -121.06 24 0 0
49 28 3 787 0.945 6.203 1.268 2.437 115.09 -121.06 24 0 0
50 21 3 591 1.133 1.113 0.977 16.282 99.12 -43.31 25 0 0
51 21 3 591 1.133 5.281 0.977 3.432 99.12 -43.31 25 0 0
52 23 3 647 0.829 1.177 1.296 11.273 87.37 -132.54 26 0 0
53 23 3 647 0.829 5.994 1.296 2.213 87.37 -132.54 26 0 0
54 16 3 451 0.916 1.09 0.822 13.445 71.4 -54.79 27 0 0
55 16 3 451 0.916 4.706 0.822 3.114 71.4 -54.79 27 0 0
56 22 3 619 1.098 1.204 0.887 14.59 91.29 -102.79 28 0 0
57 22 3 619 1.098 6.072 0.887 2.892 91.29 -102.79 28 0 0
58 15 3 423 0.875 1.203 0.998 11.632 75.32 -25.05 29 0 0
59 15 3 423 0.875 4.876 0.998 2.87 75.32 -25.05 29 0 0
4 1 4 32 0.836 1.248 1.152 10.721 150.64 -50.09 2 0 0
5 1 4 32 0.836 5.956 1.152 2.246 150.64 -50.09 2 0 0
6 8 4 228 0.902 1.161 0.975 12.436 134.67 27.66 3 0 0
7 8 4 228 0.902 4.664 0.975 3.095 134.67 27.66 3 0 0
8 5 4 144 1.069 1.185 1.05 14.423 154.55 -20.35 4 0 0
9 5 4 144 1.069 5.824 1.05 2.936 154.55 -20.35 4 0 0
10 12 4 340 1.114 1.122 1.148 15.888 138.58 57.4 5 0 0
11 12 4 340 1.114 4.79 1.148 3.723 138.58 57.4 5 0 0
12 4 4 116 0.803 1.121 1.269 11.456 126.83 -31.83 6 0 0
13 4 4 116 0.803 5.177 1.269 2.48 126.83 -31.83 6 0 0
14 11 4 312 1.167 1.243 0.825 15.015 110.87 45.92 7 0 0
15 11 4 312 1.167 4.79 0.825 3.897 110.87 45.92 7 0 0
16 3 4 88 1.203 1.3 1.065 14.811 122.92 -61.57 8 0 0
17 3 4 88 1.203 5.035 1.065 3.823 122.92 -61.57 8 0 0
18 10 4 284 1.202 1.266 1.029 15.201 106.95 16.18 9 0 0
19 10 4 284 1.202 5.715 1.029 3.366 106.95 16.18 9 0 0
20 2 4 60 1.065 1.171 1.082 14.544 146.72 -79.83 10 0 0
21 2 4 60 1.065 4.721 1.082 3.609 146.72 -79.83 10 0 0
22 9 4 256 0.823 1.186 1.153 11.099 130.75 -2.08 11 0 0
23 9 4 256 0.823 5.036 1.153 2.614 130.75 -2.08 11 0 0
24 7 4 200 0.882 1.255 0.932 11.247 174.44 -68.35 12 0 0
25 7 4 200 0.882 5.493 0.932 2.569 174.44 -68.35 12 0 0
26 14 4 396 1.153 1.181 0.982 15.617 158.47 9.4 13 0 0
27 14 4 396 1.153 5.275 0.982 3.497 158.47 9.4 13 0 0
28 6 4 172 1.041 1.129 1.196 14.754 178.35 -38.61 14 0 0
29 6 4 172 1.041 5.423 1.196 3.071 178.35 -38.61 14 0 0
30 13 4 368 1.099 1.126 0.839 15.61 162.38 39.14 15 0 0
31 13 4 368 1.099 5.45 0.839 3.227 162.38 39.14 15 0 0
32 24 4 676 0.975 1.164 1.037 13.392 182.27 -8.87 16 0 0
33 24 4 676 0.975 5.275 1.037 2.956 182.27 -8.87 16 0 0
34 17 4 480 0.889 1.155 0.911 12.316 166.3 68.88 17 0 0
35 17 4 480 0.889 6.372 0.911 2.232 166.3 68.88 17 0 0
36 25 4 704 0.876 1.181 1.077 11.874 186.18 20.88 18 0 0
37 25 4 704 0.876 6.288 1.077 2.229 186.18 20.88 18 0 0
38 18 4 508 0.969 1.159 1.009 13.371 170.21 98.63 19 0 0
39 18 4 508 0.969 6.025 1.009 2.573 170.21 98.63 19 0 0
40 26 4 732 0.789 1.208 1.313 10.444 213.9 32.36 20 0 0
41 26 4 732 0.789 5.648 1.313 2.234 213.9 32.36 20 0 0
42 19 4 536 0.859 1.187 1.121 11.581 197.93 110.11 21 0 0
43 19 4 536 0.859 5.183 1.121 2.652 197.93 110.11 21 0 0
44 27 4 760 1.012 1.187 1.076 13.632 237.7 14.09 22 0 0
45 27 4 760 1.012 6.436 1.076 2.515 237.7 14.09 22 0 0
46 20 4 564 1.112 1.216 1.037 14.629 221.73 91.84 23 0 0
47 20 4 564 1.112 5.889 1.037 3.022 221.73 91.84 23 0 0
48 28 4 788 0.888 1.167 1.126 12.175 233.78 -15.65 24 0 0
49 28 4 788 0.888 5.204 1.126 2.731 233.78 -15.65 24 0 0
50 21 4 592 1.004 1.229 0.922 13.075 217.82 62.1 25 0 0
51 21 4 592 1.004 5.747 0.922 2.796 217.82 62.1 25 0 0
52 23 4 648 0.894 1.206 1.039 11.865 206.07 -27.13 26 0 0
53 23 4 648 0.894 5.089 1.039 2.811 206.07 -27.13 26 0 0
54 16 4 452 0.855 1.094 1.032 12.515 190.1 50.62 27 0 0
55 16 4 452 0.855 6.903 1.032 1.983 190.1 50.62 27 0 0
56 22 4 620 0.882 1.28 0.978 11.019 209.98 2.61 28 0 0
57 22 4 620 0.882 5.428 0.978 2.599 209.98 2.61 28 0 0
58 15 4 424 1.017 1.221 0.98 13.329 194.01 80.36 29 0 0
59 15 4 424 1.017 6.299 0.98 2.583 194.01 80.36 29 0 0
4 1 5 33 0.835 1.145 1.114 11.678 -178.05 -158.11 2 0 0
5 1 5 33 0.835 6.392 1.114 2.091 -178.05 -158.11 2 0 0
6 8 5 229 1.055 1.257 0.881 13.431 -194.01 -80.36 3 0 0
7 8 5 229 1.055 6.492 0.881 2.6 -194.01 -80.36 3 0 0
8 5 5 145 1.072 1.136 1.0 15.09 -174.13 -128.37 4 0 0
9 5 5 145 1.072 7.006 1.0 2.447 -174.13 -128.37 4 0 0
10 12 5 341 0.961 1.204 0.98 12.764 -190.1 -50.62 5 0 0
11 12 5 341 0.961 6.491 0.98 2.369 -190.1 -50.62 5 0 0
12 4 5 117 0.891 1.113 0.995 12.8 -201.85 -139.85 6 0 0
13 4 5 117 0.891 5.295 0.995 2.691 -201.85 -139.85 6 0 0
14 11 5 313 1.042 1.226 1.034 13.606 -217.82 -62.1 7 0 0
15 11 5 313 1.042 6.186 1.034 2.696 -217.82 -62.1 7 0 0
16 3 5 89 1.19 1.301 0.933 14.634 -205.76 -169.59 8 0 0
17 3 5 89 1.19 5.998 0.933 3.173 -205.76 -169.59 8 0 0
18 10 5 285 1.046 1.247 0.832 13.422 -221.73 -91.84 9 0 0
19 10 5 285 1.046 5.785 0.832 2.894 -221.73 -91.84 9 0 0
20 2 5 61 1.108 1.091 0.825 16.246 -181.96 -187.86 10 0 0
21 2 5 61 1.108 5.782 0.825 3.065 -181.96 -187.86 10 0 0
22 9 5 257 0.779 1.174 1.081 10.62 -197.93 -110.11 11 0 0
23 9 5 257 0.779 5.895 1.081 2.116 -197.93 -110.11 11 0 0
24 7 5 201 0.868 1.214 0.987 11.442 -154.25 -176.38 12 0 0
25 7 5 201 0.868 6.727 0.987 2.065 -154.25 -176.38 12 0 0
26 14 5 397 1.026 1.208 0.747 13.584 -170.21 -98.63 13 0 0
27 14 5 397 1.026 6.337 0.747 2.59 -170.21 -98.63 13 0 0
28 6 5 173 1.112 1.049 0.928 16.969 -150.33 -146.63 14 0 0
29 6 5 173 1.112 5.514 0.928 3.227 -150.33 -146.63 14 0 0
30 13 5 369 0.918 1.186 0.89 12.381 -166.3 -68.88 15 0 0
31 13 5 369 0.918 6.113 0.89 2.402 -166.3 -68.88 15 0 0
32 24 5 677 0.981 1.121 0.842 14.011 -146.41 -116.89 16 0 0
33 24 5 677 0.981 5.562 0.842 2.823 -146.41 -116.89 16 0 0
34 17 5 481 1.1 1.17 1.046 15.039 -162.38 -39.14 17 0 0
35 17 5 481 1.1 5.928 1.046 2.968 -162.38 -39.14 17 0 0
36 25 5 705 1.035 1.097 1.093 15.095 -142.5 -87.15 18 0 0
37 25 5 705 1.035 6.129 1.093 2.702 -142.5 -87.15 18 0 0
38 18 5 509 0.879 1.122 0.907 12.534 -158.47 -9.4 19 0 0
39 18 5 509 0.879 5.683 0.907 2.476 -158.47 -9.4 19 0 0
40 26 5 733 1.238 1.16 0.798 17.073 -114.78 -75.67 20 0 0
41 26 5 733 1.238 7.085 0.798 2.796 -114.78 -75.67 20 0 0
42 19 5 537 1.042 1.196 1.045 13.943 -130.75 2.08 21 0 0
43 19 5 537 1.042 5.814 1.045 2.868 -130.75 2.08 21 0 0
44 27 5 761 0.965 1.171 0.961 13.186 -90.98 -93.93 22 0 0
45 27 5 761 0.965 7.087 0.961 2.179 -90.98 -93.93 22 0 0
46 20 5 565 0.917 1.096 1.037 13.387 -106.95 -16.18 23 0 0
47 20 5 565 0.917 5.955 1.037 2.463 -106.95 -16.18 23 0 0
48 28 5 789 0.819 1.079 1.045 12.142 -94.9 -123.67 24 0 0
49 28 5 789 0.819 6.479 1.045 2.023 -94.9 -123.67 24 0 0
50 21 5 593 1.143 1.137 0.958 16.083 -110.87 -45.92 25 0 0
51 21 5 593 1.143 5.602 0.958 3.265 -110.87 -45.92 25 0 0
52 23 5 649 1.188 1.122 1.064 16.934 -122.61 -135.15 26 0 0
53 23 5 649 1.188 5.536 1.064 3.432 -122.61 -135.15 26 0 0
54 16 5 453 1.099 1.125 1.056 15.627 -138.58 -57.4 27 0 0
55 16 5 453 1.099 7.009 1.056 2.509 -138.58 -57.4 27 0 0
56 22 5 621 0.832 1.164 1.095 11.434 -118.7 -105.41 28 0 0
57 22 5 621 0.832 8.777 1.095 1.516 -118.7 -105.41 28 0 0
58 15 5 425 1.152 1.182 0.993 15.594 -134.67 -27.66 29 0 0
59 15 5 425 1.152 7.048 0.993 2.616 -134.67 -27.66 29 0 0
4 1 6 34 1.103 1.171 0.872 15.064 -86.76 -260.91 2 0 0
5 1 6 34 1.103 5.813 0.872 3.036 -86.76 -260.91 2 0 0
6 8 6 230 1.098 1.139 1.045 15.424 -102.73 -183.16 3 0 0
7 8 6 230 1.098 5.467 1.045 3.213 -102.73 -183.16 3 0 0
8 5 6 146 0.923 1.221 1.104 12.092 -82.84 -231.16 4 0 0
9 5 6 146 0.923 5.594 1.104 2.639 -82.84 -231.16 4 0 0
10 12 6 342 0.863 1.163 1.153 11.866 -98.81 -153.41 5 0 0
11 12 6 342 0.863 5.006 1.153 2.757 -98.81 -153.41 5 0 0
12 4 6 118 0.934 1.14 1.267 13.113 -110.56 -242.64 6 0 0
13 4 6 118 0.934 5.942 1.267 2.516 -110.56 -242.64 6 0 0
14 11 6 314 1.024 1.289 1.092 12.716 -126.53 -164.9 7 0 0
15 11 6 314 1.024 5.458 1.092 3.003 -126.53 -164.9 7 0 0
16 3 6 90 1.141 1.132 1.067 16.121 -114.48 -272.39 8 0 0
17 3 6 90 1.141 4.464 1.067 4.09 -114.48 -272.39 8 0 0
18 10 6 286 0.937 1.163 1.105 12.883 -130.44 -194.64 9 0 0
19 10 6 286 0.937 5.642 1.105 2.657 -130.44 -194.64 9 0 0
20 2 6 62 0.981 1.167 1.288 13.461 -90.67 -290.65 10 0 0
21 2 6 62 0.981 5.527 1.288 2.841 -90.67 -290.65 10 0 0
22 9 6 258 0.817 1.243 1.079 10.524 -106.64 -212.9 11 0 0
23 9 6 258 0.817 5.741 1.079 2.278 -106.64 -212.9 11 0 0
24 7 6 202 0.82 1.11 1.13 11.819 -62.96 -279.17 12 0 0
25 7 6 202 0.82 5.986 1.13 2.192 -62.96 -279.17 12 0 0
26 14 6 398 1.045 1.187 1.036 14.077 -78.93 -201.42 13 0 0
27 14 6 398 1.045 5.951 1.036 2.809 -78.93 -201.42 13 0 0
28 6 6 174 0.867 1.191 1.089 11.644 -59.04 -249.43 14 0 0
29 6 6 174 0.867 5.36 1.089 2.588 -59.04 -249.43 14 0 0
30 13 6 370 1.081 1.221 0.986 14.164 -75.01 -171.68 15 0 0
31 13 6 370 1.081 5.269 0.986 3.284 -75.01 -171.68 15 0 0
32 24 6 678 1.371 1.181 0.849 18.577 -55.13 -219.68 16 0 0
33 24 6 678 1.371 4.869 0.849 4.505 -55.13 -219.68 16 0 0
34 17 6 482 1.219 1.216 0.994 16.04 -71.1 -141.93 17 0 0
35 17 6 482 1.219 6.588 0.994 2.961 -71.1 -141.93 17 0 0
36 25 6 706 1.003 1.207 1.051 13.293 -51.21 -189.94 18 0 0
37 25 6 706 1.003 6.61 1.051 2.428 -51.21 -189.94 18 0 0
38 18 6 510 0.878 1.351 1.379 10.4 -67.18 -112.19 19 0 0
39 18 6 510 0.878 7.311 1.379 1.922 -67.18 -112.19 19 0 0
40 26 6 734 1.158 1.215 1.014 15.237 -23.49 -178.46 20 0 0
41 26 6 734 1.158 7.358 1.014 2.517 -23.49 -178.46 20 0 0
42 19 6 538 0.892 1.252 1.098 11.399 -39.46 -100.71 21 0 0
43 19 6 538 0.892 6.223 1.098 2.294 -39.46 -100.71 21 0 0
44 27 6 762 1.055 1.22 0.879 13.832 0.31 -196.72 22 0 0
45 27 6 762 1.055 6.11 0.879 2.762 0.31 -196.72 22 0 0
46 20 6 566 0.991 1.273 1.17 12.461 -15.66 -118.97 23 0 0
47 20 6 566 0.991 6.132 1.17 2.586 -15.66 -118.97 23 0 0
48 28 6 790 1.02 1.188 0.897 13.74 -3.61 -226.47 24 0 0
49 28 6 790 1.02 6.918 0.897 2.359 -3.61 -226.47 24 0 0
50 21 6 594 0.889 1.22 0.96 11.653 -19.58 -148.72 25 0 0
51 21 6 594 0.889 6.218 0.96 2.287 -19.58 -148.72 25 0 0
52 23 6 650 0.977 1.118 0.953 13.98 -31.33 -237.95 26 0 0
53 23 6 650 0.977 5.135 0.953 3.045 -31.33 -237.95 26 0 0
54 16 6 454 0.962 1.243 1.091 12.388 -47.3 -160.2 27 0 0
55 16 6 454 0.962 5.606 1.091 2.746 -47.3 -160.2 27 0 0
56 22 6 622 1.093 1.215 0.983 14.394 -27.41 -208.2 28 0 0
57 22 6 622 1.093 5.169 0.983 3.383 -27.41 -208.2 28 0 0
58 15 6 426 1.19 1.229 1.139 15.485 -43.38 -130.45 29 0 0
59 15 6 426 1.19 5.453 1.139 3.491 -43.38 -130.45 29 0 0
4 1 7 35 0.812 1.153 1.024 11.266 -150.64 50.09 2 0 0
5 1 7 35 0.812 6.723 1.024 1.933 -150.64 50.09 2 0 0
6 8 7 231 0.962 1.182 0.902 13.03 -166.6 127.84 3 0 0
7 8 7 231 0.962 6.443 0.902 2.39 -166.6 127.84 3 0 0
8 5 7 147 0.925 1.189 0.984 12.441 -146.72 79.83 4 0 0
9 5 7 147 0.925 6.085 0.984 2.431 -146.72 79.83 4 0 0
10 12 7 343 1.325 1.477 1.075 14.347 -162.69 157.58 5 0 0
11 12 7 343 1.325 6.461 1.075 3.28 -162.69 157.58 5 0 0
12 4 7 119 0.818 1.168 1.393 11.204 -174.44 68.35 6 0 0
13 4 7 119 0.818 6.074 1.393 2.154 -174.44 68.35 6 0 0
14 11 7 315 0.914 1.199 0.952 12.202 -190.4 146.1 7 0 0
15 11 7 315 0.914 5.549 0.952 2.636 -190.4 146.1 7 0 0
16 3 7 91 1.126 1.175 0.877 15.34 -178.35 38.61 8 0 0
17 3 7 91 1.126 5.467 0.877 3.296 -178.35 38.61 8 0 0
18 10 7 287 1.002 1.235 1.064 12.978 -194.32 116.36 9 0 0
19 10 7 287 1.002 6.056 1.064 2.647 -194.32 116.36 9 0 0
20 2 7 63 1.138 1.114 1.065 16.357 -154.55 20.35 10 0 0
21 2 7 63 1.138 5.492 1.065 3.316 -154.55 20.35 10 0 0
22 9 7 259 0.991 1.198 0.985 13.234 -170.52 98.1 11 0 0
23 9 7 259 0.991 4.613 0.985 3.438 -170.52 98.1 11 0 0
24 7 7 203 1.079 1.221 0.975 14.15 -126.83 31.83 12 0 0
25 7 7 203 1.079 6.022 0.975 2.868 -126.83 31.83 12 0 0
26 14 7 399 0.909 1.195 0.897 12.161 -142.8 109.58 13 0 0
27 14 7 399 0.909 6.771 0.897 2.147 -142.8 109.58 13 0 0
28 6 7 175 0.955 1.188 1.14 12.86 -122.92 61.57 14 0 0
29 6 7 175 0.955 5.566 1.14 2.744 -122.92 61.57 14 0 0
30 13 7 371 0.859 1.244 0.854 11.042 -138.89 139.32 15 0 0
31 13 7 371 0.859 5.419 0.854 2.536 -138.89 139.32 15 0 0
32 24 7 679 0.865 1.169 1.1 11.845 -119.0 91.31 16 0 0
33 24 7 679 0.865 5.479 1.1 2.526 -119.0 91.31 16 0 0
34 17 7 483 0.923 1.123 1.148 13.15 -134.97 169.06 17 0 0
35 17 7 483 0.923 6.599 1.148 2.237 -134.97 169.06 17 0 0
36 25 7 707 1.035 1.097 0.995 15.101 -115.09 121.06 18 0 0
37 25 7 707 1.035 5.726 0.995 2.893 -115.09 121.06 18 0 0
38 18 7 511 1.023 1.136 1.006 14.414 -131.06 198.81 19 0 0
39 18 7 511 1.023 6.001 1.006 2.729 -131.06 198.81 19 0 0
40 26 7 735 0.796 1.179 1.32 10.799 -87.37 132.54 20 0 0
41 26 7 735 0.796 6.2 1.32 2.053 -87.37 132.54 20 0 0
42 19 7 539 1.059 1.177 0.885 14.396 -103.34 210.29 21 0 0
43 19 7 539 1.059 5.809 0.885 2.918 -103.34 210.29 21 0 0
44 27 7 763 0.837 1.116 1.12 11.996 -63.57 114.28 22 0 0
45 27 7 763 0.837 5.621 1.12 2.381 -63.57 114.28 22 0 0
46 20 7 567 1.173 1.163 0.759 16.136 -79.54 192.02 23 0 0
47 20 7 567 1.173 5.176 0.759 3.626 -79.54 192.02 23 0 0
48 28 7 791 0.955 1.219 0.984 12.53 -67.49 84.53 24 0 0
49 28 7 791 0.955 6.118 0.984 2.497 -67.49 84.53 24 0 0
50 21 7 595 1.081 1.172 1.068 14.757 -83.46 162.28 25 0 0
51 21 7 595 1.081 6.381 1.068 2.71 -83.46 162.28 25 0 0
52 23 7 651 0.866 1.064 1.091 13.029 -95.2 73.05 26 0 0
53 23 7 651 0.866 5.357 1.091 2.587 -95.2 73.05 26 0 0
54 16 7 455 1.016 1.203 1.105 13.509 -111.17 150.8 27 0 0
55 16 7 455 1.016 6.056 1.105 2.684 -111.17 150.8 27 0 0
56 22 7 623 0.791 1.203 1.289 10.519 -91.29 102.79 28 0 0
57 22 7 623 0.791 7.02 1.289 1.802 -91.29 102.79 28 0 0
58 15 7 427 1.159 1.215 0.899 15.257 -107.26 180.54 29 0 0
59 15 7 427 1.159 5.185 0.899 3.575 -107.26 180.54 29 0 0
4 1 8 36 0.981 1.26 1.016 12.459 -31.94 155.5 2 0 0
5 1 8 36 0.981 5.966 1.016 2.631 -31.94 155.5 2 0 0
6 8 8 232 0.963 1.144 1.207 13.471 -47.91 233.25 3 0 0
7 8 8 232 0.963 6.754 1.207 2.281 -47.91 233.25 3 0 0
8 5 8 148 0.826 1.186 1.191 11.138 -28.02 185.24 4 0 0
9 5 8 148 0.826 6.507 1.191 2.03 -28.02 185.24 4 0 0
10 12 8 344 1.451 1.159 0.889 20.022 -43.99 262.99 5 0 0
11 12 8 344 1.451 5.286 0.889 4.392 -43.99 262.99 5 0 0
12 4 8 120 0.924 1.16 0.946 12.751 -55.74 173.76 6 0 0
13 4 8 120 0.924 5.163 0.946 2.864 -55.74 173.76 6 0 0
14 11 8 316 0.868 1.148 0.775 12.095 -71.71 251.51 7 0 0
15 11 8 316 0.868 5.775 0.775 2.405 -71.71 251.51 7 0 0
16 3 8 92 0.89 1.226 1.146 11.61 -59.65 144.02 8 0 0
17 3 8 92 0.89 5.214 1.146 2.73 -59.65 144.02 8 0 0
18 10 8 288 0.848 1.23 1.166 11.033 -75.62 221.77 9 0 0
19 10 8 288 0.848 5.318 1.166 2.552 -75.62 221.77 9 0 0
20 2 8 64 1.017 1.269 1.123 12.825 -35.85 125.76 10 0 0
21 2 8 64 1.017 5.843 1.123 2.784 -35.85 125.76 10 0 0
22 9 8 260 0.877 1.272 1.104 11.028 -51.82 203.51 11 0 0
23 9 8 260 0.877 6.541 1.104 2.144 -51.82 203.51 11 0 0
24 7 8 204 0.884 1.128 1.1 12.546 -8.14 137.24 12 0 0
25 7 8 204 0.884 5.695 1.1 2.485 -8.14 137.24 12 0 0
26 14 8 400 0.781 1.248 1.158 10.01 -24.11 214.99 13 0 0
27 14 8 400 0.781 6.316 1.158 1.978 -24.11 214.99 13 0 0
28 6 8 176 1.179 1.181 0.896 15.972 -4.22 166.98 14 0 0
29 6 8 176 1.179 5.175 0.896 3.645 -4.22 166.98 14 0 0
30 13 8 372 1.085 1.215 0.963 14.298 -20.19 244.73 15 0 0
31 13 8 372 1.085 6.662 0.963 2.607 -20.19 244.73 15 0 0
32 24 8 680 1.167 1.141 0.918 16.361 -0.31 196.72 16 0 0
33 24 8 680 1.167 5.953 0.918 3.137 -0.31 196.72 16 0 0
34 17 8 484 1.017 1.2 1.049 13.563 -16.27 274.47 17 0 0
35 17 8 484 1.017 5.752 1.049 2.829 -16.27 274.47 17 0 0
36 25 8 708 0.934 1.168 0.9 12.797 3.61 226.47 18 0 0
37 25 8 708 0.934 6.358 0.9 2.352 3.61 226.47 18 0 0
38 18 8 512 1.026 1.185 1.124 13.861 -12.36 304.22 19 0 0
39 18 8 512 1.026 5.966 1.124 2.752 -12.36 304.22 19 0 0
40 26 8 736 1.632 1.16 0.791 22.504 31.33 237.95 20 0 0
41 26 8 736 1.632 5.545 0.791 4.709 31.33 237.95 20 0 0
42 19 8 540 0.848 1.167 1.062 11.632 15.36 315.7 21 0 0
43 19 8 540 0.848 5.79 1.062 2.344 15.36 315.7 21 0 0
44 27 8 764 1.066 1.198 1.142 14.232 55.13 219.68 22 0 0
45 27 8 764 1.066 6.312 1.142 2.702 55.13 219.68 22 0 0
46 20 8 568 0.931 1.16 0.996 12.84 39.16 297.43 23 0 0
47 20 8 568 0.931 5.654 0.996 2.635 39.16 297.43 23 0 0
48 28 8 792 1.023 1.153 0.996 14.186 51.21 189.94 24 0 0
49 28 8 792 1.023 6.331 0.996 2.585 51.21 189.94 24 0 0
50 21 8 596 0.867 1.182 1.109 11.737 35.24 267.69 25 0 0
51 21 8 596 0.867 6.487 1.109 2.138 35.24 267.69 25 0 0
52 23 8 652 0.986 1.115 1.018 14.153 23.49 178.46 26 0 0
53 23 8 652 0.986 6.22 1.018 2.536 23.49 178.46 26 0 0
54 16 8 456 0.859 1.125 0.991 12.21 7.53 256.21 27 0 0
55 16 8 456 0.859 6.549 0.991 2.098 7.53 256.21 27 0 0
56 22 8 624 0.864 1.193 1.038 11.59 27.41 208.2 28 0 0
57 22 8 624 0.864 5.677 1.038 2.436 27.41 208.2 28 0 0
58 15 8 428 0.952 1.18 1.015 12.898 11.44 285.95 29 0 0
59 15 8 428 0.952 5.902 1.015 2.58 11.44 285.95 29 0 0
4 1 9 37 1.087 1.314 0.835 13.238 -269.33 -55.32 2 0 0
5 1 9 37 1.087 6.421 0.835 2.709 -269.33 -55.32 2 0 0
6 8 9 233 1.209 1.242 0.994 15.579 -285.3 22.43 3 0 0
7 8 9 233 1.209 5.504 0.994 3.514 -285.3 22.43 3 0 0
8 5 9 149 0.85 1.237 1.034 10.988 -265.42 -25.57 4 0 0
9 5 9 149 0.85 7.836 1.034 1.735 -265.42 -25.57 4 0 0
10 12 9 345 1.085 1.254 0.966 13.841 -281.39 52.17 5 0 0
11 12 9 345 1.085 9.617 0.966 1.805 -281.39 52.17 5 0 0
12 4 9 121 0.842 1.229 1.047 10.97 -293.13 -37.06 6 0 0
13 4 9 121 0.842 6.875 1.047 1.961 -293.13 -37.06 6 0 0
14 11 9 317 1.137 1.315 0.75 13.831 -309.1 40.69 7 0 0
15 11 9 317 1.137 6.501 0.75 2.798 -309.1 40.69 7 0 0
16 3 9 93 1.057 1.238 0.859 13.66 -297.05 -66.8 8 0 0
17 3 9 93 1.057 7.077 0.859 2.39 -297.05 -66.8 8 0 0
18 10 9 289 0.808 1.34 1.253 9.649 -313.02 10.95 9 0 0
19 10 9 289 0.808 7.807 1.253 1.657 -313.02 10.95 9 0 0
20 2 9 65 1.035 1.226 0.958 13.505 -273.25 -85.06 10 0 0
21 2 9 65 1.035 5.808 0.958 2.85 -273.25 -85.06 10 0 0
22 9 9 261 1.098 1.352 0.878 12.999 -289.22 -7.31 11 0 0
23 9 9 261 1.098 7.001 0.878 2.51 -289.22 -7.31 11 0 0
24 7 9 205 1.235 1.283 0.787 15.409 -245.53 -73.58 12 0 0
25 7 9 205 1.235 6.243 0.787 3.166 -245.53 -73.58 12 0 0
26 14 9 401 0.965 1.271 1.039 12.144 -261.5 4.17 13 0 0
27 14 9 401 0.965 7.028 1.039 2.196 -261.5 4.17 13 0 0
28 6 9 177 0.911 1.288 0.976 11.323 -241.62 -43.84 14 0 0
29 6 9 177 0.911 5.97 0.976 2.443 -241.62 -43.84 14 0 0
30 13 9 373 0.834 1.228 1.147 10.868 -257.58 33.91 15 0 0
31 13 9 373 0.834 6.413 1.147 2.081 -257.58 33.91 15 0 0
32 24 9 681 1.056 1.201 1.004 14.068 -237.7 -14.09 16 0 0
33 24 9 681 1.056 6.89 1.004 2.452 -237.7 -14.09 16 0 0
34 17 9 485 1.208 1.188 0.605 16.257 -253.67 63.66 17 0 0
35 17 9 485 1.208 7.225 0.605 2.674 -253.67 63.66 17 0 0
36 25 9 709 1.09 1.18 0.988 14.777 -233.78 15.65 18 0 0
37 25 9 709 1.09 5.831 0.988 2.991 -233.78 15.65 18 0 0
38 18 9 513 1.1 1.218 0.811 14.458 -249.75 93.4 19 0 0
39 18 9 513 1.1 7.596 0.811 2.317 -249.75 93.4 19 0 0
40 26 9 737 0.834 1.187 1.137 11.243 -206.07 27.13 20 0 0
41 26 9 737 0.834 7.673 1.137 1.74 -206.07 27.13 20 0 0
42 19 9 541 0.788 1.128 1.057 11.173 -222.04 104.88 21 0 0
43 19 9 541 0.788 5.168 1.057 2.439 -222.04 104.88 21 0 0
44 27 9 765 0.884 1.215 1.024 11.643 -182.27 8.87 22 0 0
45 27 9 765 0.884 7.883 1.024 1.795 -182.27 8.87 22 0 0
46 20 9 569 1.105 1.153 1.032 15.334 -198.24 86.62 23 0 0
47 20 9 569 1.105 6.506 1.032 2.717 -198.24 86.62 23 0 0
48 28 9 793 0.864 1.212 0.995 11.401 -186.18 -20.88 24 0 0
49 28 9 793 0.864 7.511 0.995 1.84 -186.18 -20.88 24 0 0
50 21 9 597 0.97 1.217 1.048 12.76 -202.15 56.87 25 0 0
51 21 9 597 0.97 5.558 1.048 2.793 -202.15 56.87 25 0 0
52 23 9 653 1.243 1.168 0.813 17.028 -213.9 -32.36 26 0 0
53 23 9 653 1.243 7.033 0.813 2.829 -213.9 -32.36 26 0 0
54 16 9 457 0.828 1.201 1.208 11.031 -229.87 45.39 27 0 0
55 16 9 457 0.828 6.617 1.208 2.003 -229.87 45.39 27 0 0
56 22 9 625 0.848 1.245 1.019 10.896 -209.98 -2.61 28 0 0
57 22 9 625 0.848 6.235 1.019 2.175 -209.98 -2.61 28 0 0
58 15 9 429 1.108 1.215 0.933 14.593 -225.95 75.14 29 0 0
59 15 9 429 1.108 5.687 0.933 3.117 -225.95 75.14 29 0 0
4 1 10 38 1.003 1.179 0.9 13.608 182.57 -205.59 2 0 0
5 1 10 38 1.003 6.401 0.9 2.506 182.57 -205.59 2 0 0
6 8 10 234 0.808 1.162 0.712 11.128 166.6 -127.84 3 0 0
7 8 10 234 0.808 5.024 0.712 2.574 166.6 -127.84 3 0 0
8 5 10 150 0.785 1.126 1.114 11.158 186.49 -175.85 4 0 0
9 5 10 150 0.785 6.591 1.114 1.905 186.49 -175.85 4 0 0
10 12 10 346 1.07 1.155 0.995 14.827 170.52 -98.1 5 0 0
11 12 10 346 1.07 5.591 0.995 3.062 170.52 -98.1 5 0 0
12 4 10 122 0.862 1.245 0.942 11.076 158.77 -187.33 6 0 0
13 4 10 122 0.862 5.252 0.942 2.626 158.77 -187.33 6 0 0
14 11 10 318 1.274 1.198 0.979 17.011 142.8 -109.58 7 0 0
15 11 10 318 1.274 4.737 0.979 4.303 142.8 -109.58 7 0 0
16 3 10 94 1.302 1.28 0.802 16.265 154.86 -217.07 8 0 0
17 3 10 94 1.302 5.98 0.802 3.482 154.86 -217.07 8 0 0
18 10 10 290 0.9 1.192 0.984 12.085 138.89 -139.32 9 0 0
19 10 10 290 0.9 6.373 0.984 2.26 138.89 -139.32 9 0 0
20 2 10 66 0.896 1.19 1.034 12.05 178.66 -235.33 10 0 0
21 2 10 66 0.896 5.94 1.034 2.415 178.66 -235.33 10 0 0
22 9 10 262 1.092 1.235 0.952 14.155 162.69 -157.58 11 0 0
23 9 10 262 1.092 4.921 0.952 3.551 162.69 -157.58 11 0 0
24 7 10 206 1.29 1.23 1.048 16.778 206.37 -223.85 12 0 0
25 7 10 206 1.29 5.288 1.048 3.903 206.37 -223.85 12 0 0
26 14 10 402 1.051 1.214 1.095 13.853 190.4 -146.1 13 0 0
27 14 10 402 1.051 5.823 1.095 2.889 190.4 -146.1 13 0 0
28 6 10 178 0.965 1.272 0.904 12.135 210.29 -194.11 14 0 0
29 6 10 178 0.965 5.756 0.904 2.682 210.29 -194.11 14 0 0
30 13 10 374 0.88 1.134 1.03 12.416 194.32 -116.36 15 0 0
31 13 10 374 0.88 6.105 1.03 2.306 194.32 -116.36 15 0 0
32 24 10 682 0.934 1.123 0.826 13.311 214.21 -164.37 16 0 0
33 24 10 682 0.934 5.068 0.826 2.95 214.21 -164.37 16 0 0
34 17 10 486 0.902 1.081 0.936 13.349 198.24 -86.62 17 0 0
35 17 10 486 0.902 4.184 0.936 3.448 198.24 -86.62 17 0 0
36 25 10 710 0.893 1.203 1.013 11.866 218.12 -134.62 18 0 0
37 25 10 710 0.893 5.092 1.013 2.805 218.12 -134.62 18 0 0
38 18 10 514 1.044 1.151 0.862 14.508 202.15 -56.87 19 0 0
39 18 10 514 1.044 6.578 0.862 2.539 202.15 -56.87 19 0 0
40 26 10 738 0.988 1.157 0.99 13.652 245.84 -123.14 20 0 0
41 26 10 738 0.988 5.174 0.99 3.054 245.84 -123.14 20 0 0
42 19 10 542 1.26 1.153 0.927 17.474 229.87 -45.39 21 0 0
43 19 10 542 1.26 5.075 0.927 3.971 229.87 -45.39 21 0 0
44 27 10 766 1.038 1.203 0.761 13.799 269.64 -141.4 22 0 0
45 27 10 766 1.038 5.953 0.761 2.789 269.64 -141.4 22 0 0
46 20 10 570 0.949 1.228 0.949 12.359 253.67 -63.66 23 0 0
47 20 10 570 0.949 5.502 0.949 2.759 253.67 -63.66 23 0 0
48 28 10 794 1.078 1.14 0.873 15.14 265.72 -171.15 24 0 0
49 28 10 794 1.078 6.45 0.873 2.675 265.72 -171.15 24 0 0
50 21 10 598 0.996 1.252 1.01 12.726 249.75 -93.4 25 0 0
51 21 10 598 0.996 5.849 1.01 2.725 249.75 -93.4 25 0 0
52 23 10 654 1.175 1.221 0.814 15.402 238.01 -182.63 26 0 0
53 23 10 654 1.175 6.221 0.814 3.022 238.01 -182.63 26 0 0
54 16 10 458 1.015 1.144 0.84 14.189 222.04 -104.88 27 0 0
55 16 10 458 1.015 6.633 0.84 2.447 222.04 -104.88 27 0 0
56 22 10 626 1.236 1.176 0.783 16.816 241.92 -152.89 28 0 0
57 22 10 626 1.236 6.185 0.783 3.198 241.92 -152.89 28 0 0
58 15 10 430 0.881 1.167 0.892 12.073 225.95 -75.14 29 0 0
59 15 10 430 0.881 5.371 0.892 2.624 225.95 -75.14 29 0 0
4 1 11 39 0.883 1.323 1.093 10.686 63.88 -311.0 2 0 0
5 1 11 39 0.883 5.638 1.093 2.507 63.88 -311.0 2 0 0
6 8 11 235 1.152 1.303 1.192 14.155 47.91 -233.25 3 0 0
7 8 11 235 1.152 5.662 1.192 3.256 47.91 -233.25 3 0 0
8 5 11 151 1.066 1.327 0.94 12.856 67.79 -281.25 4 0 0
9 5 11 151 1.066 7.199 0.94 2.369 67.79 -281.25 4 0 0
10 12 11 347 0.979 1.35 1.191 11.608 51.82 -203.51 5 0 0
11 12 11 347 0.979 8.679 1.191 1.805 51.82 -203.51 5 0 0
12 4 11 123 0.964 1.338 1.058 11.523 40.08 -292.74 6 0 0
13 4 11 123 0.964 8.788 1.058 1.754 40.08 -292.74 6 0 0
14 11 11 319 0.863 1.37 1.028 10.071 24.11 -214.99 7 0 0
15 11 11 319 0.863 5.263 1.028 2.622 24.11 -214.99 7 0 0
16 3 11 95 1.264 1.525 0.871 13.268 36.16 -322.48 8 0 0
17 3 11 95 1.264 7.586 0.871 2.667 36.16 -322.48 8 0 0
18 10 11 291 1.07 1.396 1.268 12.26 20.19 -244.73 9 0 0
19 10 11 291 1.07 6.662 1.268 2.569 20.19 -244.73 9 0 0
20 2 11 67 1.167 1.302 1.02 14.343 59.96 -340.74 10 0 0
21 2 11 67 1.167 6.351 1.02 2.94 59.96 -340.74 10 0 0
22 9 11 263 0.891 1.271 1.27 11.222 43.99 -262.99 11 0 0
23 9 11 263 0.891 5.45 1.27 2.617 43.99 -262.99 11 0 0
24 7 11 207 0.95 1.376 0.964 11.051 87.68 -329.26 12 0 0
25 7 11 207 0.95 6.849 0.964 2.22 87.68 -329.26 12 0 0
26 14 11 403 0.956 1.369 1.35 11.169 71.71 -251.51 13 0 0
27 14 11 403 0.956 5.128 1.35 2.982 71.71 -251.51 13 0 0
28 6 11 179 0.815 1.283 1.018 10.162 91.59 -299.52 14 0 0
29 6 11 179 0.815 6.915 1.018 1.885 91.59 -299.52 14 0 0
30 13 11 375 1.368 1.311 1.046 16.699 75.62 -221.77 15 0 0
31 13 11 375 1.368 8.293 1.046 2.64 75.62 -221.77 15 0 0
32 24 11 683 1.294 1.373 1.055 15.083 95.51 -269.77 16 0 0
33 24 11 683 1.294 5.239 1.055 3.953 95.51 -269.77 16 0 0
34 17 11 487 1.363 1.322 1.038 16.504 79.54 -192.02 17 0 0
35 17 11 487 1.363 6.336 1.038 3.443 79.54 -192.02 17 0 0
36 25 11 711 0.998 1.272 1.104 12.548 99.42 -240.03 18 0 0
37 25 11 711 0.998 8.179 1.104 1.952 99.42 -240.03 18 0 0
38 18 11 515 0.94 1.283 0.752 11.723 83.46 -162.28 19 0 0
39 18 11 515 0.94 6.105 0.752 2.465 83.46 -162.28 19 0 0
40 26 11 739 1.126 1.446 0.944 12.458 127.14 -228.55 20 0 0
41 26 11 739 1.126 6.98 0.944 2.58 127.14 -228.55 20 0 0
42 19 11 543 1.064 1.369 0.995 12.436 111.17 -150.8 21 0 0
43 19 11 543 1.064 7.405 0.995 2.298 111.17 -150.8 21 0 0
44 27 11 767 1.3 1.329 0.939 15.659 150.94 -246.81 22 0 0
45 27 11 767 1.3 6.024 0.939 3.453 150.94 -246.81 22 0 0
46 20 11 571 0.968 1.301 1.038 11.907 134.97 -169.06 23 0 0
47 20 11 571 0.968 7.463 1.038 2.076 134.97 -169.06 23 0 0
48 28 11 795 0.91 1.292 1.089 11.274 147.03 -276.56 24 0 0
49 28 11 795 0.91 6.622 1.089 2.2 147.03 -276.56 24 0 0
50 21 11 599 0.989 1.308 0.882 12.1 131.06 -198.81 25 0 0
51 21 11 599 0.989 6.83 0.882 2.317 131.06 -198.81 25 0 0
52 23 11 655 0.934 1.269 1.265 11.781 119.31 -288.04 26 0 0
53 23 11 655 0.934 8.414 1.265 1.777 119.31 -288.04 26 0 0
54 16 11 459 0.909 1.242 1.156 11.713 103.34 -210.29 27 0 0
55 16 11 459 0.909 6.79 1.156 2.143 103.34 -210.29 27 0 0
56 22 11 627 0.724 1.221 1.076 9.486 123.22 -258.29 28 0 0
57 22 11 627 0.724 8.996 1.076 1.288 123.22 -258.29 28 0 0
58 15 11 431 0.939 1.291 1.023 11.64 107.26 -180.54 29 0 0
59 15 11 431 0.939 6.483 1.023 2.317 107.26 -180.54 29 0 0
4 1 12 40 0.893 1.17 0.938 12.214 301.27 -100.18 2 0 0
5 1 12 40 0.893 4.955 0.938 2.885 301.27 -100.18 2 0 0
6 8 12 236 1.143 1.128 1.069 16.206 285.3 -22.43 3 0 0
7 8 12 236 1.143 4.758 1.069 3.843 285.3 -22.43 3 0 0
8 5 12 152 1.016 1.166 1.023 13.933 305.19 -70.44 4 0 0
9 5 12 152 1.016 5.454 1.023 2.979 305.19 -70.44 4 0 0
10 12 12 348 1.095 1.209 1.101 14.49 289.22 7.31 5 0 0
11 12 12 348 1.095 5.283 1.101 3.317 289.22 7.31 5 0 0
12 4 12 124 1.011 1.124 0.878 14.388 277.47 -81.92 6 0 0
13 4 12 124 1.011 4.699 0.878 3.442 277.47 -81.92 6 0 0
14 11 12 320 1.157 1.225 1.037 15.116 261.5 -4.17 7 0 0
15 11 12 320 1.157 4.539 1.037 4.078 261.5 -4.17 7 0 0
16 3 12 96 1.167 1.16 0.827 16.096 273.55 -111.66 8 0 0
17 3 12 96 1.167 5.481 0.827 3.407 273.55 -111.66 8 0 0
18 10 12 292 1.242 1.127 1.095 17.628 257.58 -33.91 9 0 0
19 10 12 292 1.242 5.055 1.095 3.931 257.58 -33.91 9 0 0
20 2 12 68 1.113 1.196 0.735 14.9 297.35 -129.92 10 0 0
21 2 12 68 1.113 4.676 0.735 3.809 297.35 -129.92 10 0 0
22 9 12 264 1.004 1.18 1.014 13.604 281.39 -52.17 11 0 0
23 9 12 264 1.004 4.435 1.014 3.621 281.39 -52.17 11 0 0
24 7 12 208 1.349 1.106 0.617 19.522 325.07 -118.44 12 0 0
25 7 12 208 1.349 4.573 0.617 4.721 325.07 -118.44 12 0 0
26 14 12 404 0.896 1.186 1.209 12.094 309.1 -40.69 13 0 0
27 14 12 404 0.896 4.997 1.209 2.87 309.1 -40.69 13 0 0
28 6 12 180 1.058 1.108 0.996 15.28 328.99 -88.7 14 0 0
29 6 12 180 1.058 5.218 0.996 3.246 328.99 -88.7 14 0 0
30 13 12 376 1.08 1.178 1.149 14.677 313.02 -10.95 15 0 0
31 13 12 376 1.08 4.96 1.149 3.486 313.02 -10.95 15 0 0
32 24 12 684 1.16 1.117 0.996 16.607 332.9 -58.96 16 0 0
33 24 12 684 1.16 4.694 0.996 3.953 332.9 -58.96 16 0 0
34 17 12 488 0.894 1.133 1.262 12.632 316.93 18.79 17 0 0
35 17 12 488 0.894 6.232 1.262 2.296 316.93 18.79 17 0 0
36 25 12 712 0.81 1.104 1.063 11.735 336.82 -29.21 18 0 0
37 25 12 712 0.81 6.268 1.063 2.067 336.82 -29.21 18 0 0
38 18 12 516 1.078 1.141 1.012 15.119 320.85 48.54 19 0 0
39 18 12 516 1.078 5.6 1.012 3.079 320.85 48.54 19 0 0
40 26 12 740 1.092 1.121 1.022 15.593 364.53 -17.73 20 0 0
41 26 12 740 1.092 4.872 1.022 3.588 364.53 -17.73 20 0 0
42 19 12 544 0.998 1.166 1.003 13.699 348.57 60.02 21 0 0
43 19 12 544 0.998 5.149 1.003 3.101 348.57 60.02 21 0 0
44 27 12 768 1.0 1.158 0.96 13.818 388.34 -36.0 22 0 0
45 27 12 768 1.0 5.608 0.96 2.854 388.34 -36.0 22 0 0
46 20 12 572 0.92 1.126 1.033 13.079 372.37 41.75 23 0 0
47 20 12 572 0.92 4.611 1.033 3.194 372.37 41.75 23 0 0
48 28 12 796 0.954 1.222 1.326 12.499 384.42 -65.74 24 0 0
49 28 12 796 0.954 5.684 1.326 2.687 384.42 -65.74 24 0 0
50 21 12 600 1.102 1.095 0.781 16.094 368.45 12.01 25 0 0
51 21 12 600 1.102 5.203 0.781 3.388 368.45 12.01 25 0 0
52 23 12 656 1.168 1.108 1.007 16.86 356.7 -77.22 26 0 0
53 23 12 656 1.168 6.658 1.007 2.806 356.7 -77.22 26 0 0
54 16 12 460 0.904 1.186 1.024 12.199 340.73 0.53 27 0 0
55 16 12 460 0.904 6.407 1.024 2.258 340.73 0.53 27 0 0
56 22 12 628 0.992 1.156 0.858 13.725 360.62 -47.48 28 0 0
57 22 12 628 0.992 5.129 0.858 3.094 360.62 -47.48 28 0 0
58 15 12 432 1.051 1.079 1.021 15.592 344.65 30.27 29 0 0
59 15 12 432 1.051 6.021 1.021 2.794 344.65 30.27 29 0 0
4 1 13 41 0.909 1.148 0.861 12.66 269.33 55.32 2 0 0
5 1 13 41 0.909 5.916 0.861 2.458 269.33 55.32 2 0 0
6 8 13 237 1.064 1.156 0.952 14.731 253.36 133.07 3 0 0
7 8 13 237 1.064 5.186 0.952 3.283 253.36 133.07 3 0 0
8 5 13 153 0.897 1.108 0.919 12.961 273.25 85.06 4 0 0
9 5 13 153 0.897 5.622 0.919 2.554 273.25 85.06 4 0 0
10 12 13 349 1.103 1.185 0.968 14.888 257.28 162.81 5 0 0
11 12 13 349 1.103 4.461 0.968 3.955 257.28 162.81 5 0 0
12 4 13 125 1.017 1.037 0.879 15.682 245.53 73.58 6 0 0
13 4 13 125 1.017 5.278 0.879 3.082 245.53 73.58 6 0 0
14 11 13 321 0.922 1.275 0.937 11.578 229.56 151.33 7 0 0
15 11 13 321 0.922 4.945 0.937 2.984 229.56 151.33 7 0 0
16 3 13 97 0.93 1.17 0.869 12.722 241.62 43.84 8 0 0
17 3 13 97 0.93 6.555 0.869 2.271 241.62 43.84 8 0 0
18 10 13 293 1.224 1.224 0.861 15.989 225.65 121.59 9 0 0
19 10 13 293 1.224 5.173 0.861 3.785 225.65 121.59 9 0 0
20 2 13 69 1.13 1.131 0.767 15.979 265.42 25.58 10 0 0
21 2 13 69 1.13 4.908 0.767 3.682 265.42 25.58 10 0 0
22 9 13 265 1.137 1.183 0.877 15.383 249.45 103.32 11 0 0
23 9 13 265 1.137 4.648 0.877 3.915 249.45 103.32 11 0 0
24 7 13 209 0.997 1.179 0.694 13.527 293.13 37.06 12 0 0
25 7 13 209 0.997 6.345 0.694 2.514 293.13 37.06 12 0 0
26 14 13 405 1.224 1.181 0.624 16.584 277.16 114.81 13 0 0
27 14 13 405 1.224 5.25 0.624 3.729 277.16 114.81 13 0 0
28 6 13 181 0.973 1.178 1.026 13.21 297.05 66.8 14 0 0
29 6 13 181 0.973 5.512 1.026 2.824 297.05 66.8 14 0 0
30 13 13 377 0.978 1.175 0.997 13.318 281.08 144.55 15 0 0
31 13 13 377 0.978 5.385 0.997 2.905 281.08 144.55 15 0 0
32 24 13 685 1.102 1.144 0.888 15.418 300.96 96.54 16 0 0
33 24 13 685 1.102 4.747 0.888 3.714 300.96 96.54 16 0 0
34 17 13 489 0.838 1.155 1.004 11.605 285.0 174.29 17 0 0
35 17 13 489 0.838 6.155 1.004 2.178 285.0 174.29 17 0 0
36 25 13 713 0.894 1.162 1.229 12.306 304.88 126.29 18 0 0
37 25 13 713 0.894 7.011 1.229 2.039 304.88 126.29 18 0 0
38 18 13 517 0.918 1.067 1.045 13.771 288.91 204.04 19 0 0
39 18 13 517 0.918 5.561 1.045 2.642 288.91 204.04 19 0 0
40 26 13 741 0.934 1.218 1.072 12.266 332.6 137.77 20 0 0
41 26 13 741 0.934 5.83 1.072 2.562 332.6 137.77 20 0 0
42 19 13 545 0.91 1.193 1.063 12.205 316.63 215.52 21 0 0
43 19 13 545 0.91 6.453 1.063 2.257 316.63 215.52 21 0 0
44 27 13 769 1.195 1.265 0.895 15.106 356.4 119.5 22 0 0
45 27 13 769 1.195 5.819 0.895 3.285 356.4 119.5 22 0 0
46 20 13 573 1.092 1.117 1.095 15.654 340.43 197.25 23 0 0
47 20 13 573 1.092 6.3 1.095 2.774 340.43 197.25 23 0 0
48 28 13 797 1.172 1.165 1.024 16.094 352.48 89.76 24 0 0
49 28 13 797 1.172 5.335 1.024 3.513 352.48 89.76 24 0 0
50 21 13 601 1.238 1.203 0.949 16.458 336.51 167.51 25 0 0
51 21 13 601 1.238 6.682 0.949 2.963 336.51 167.51 25 0 0
52 23 13 657 1.483 1.188 0.69 19.981 324.77 78.28 26 0 0
53 23 13 657 1.483 5.734 0.69 4.139 324.77 78.28 26 0 0
54 16 13 461 1.028 1.162 0.863 14.148 308.8 156.03 27 0 0
55 16 13 461 1.028 5.065 0.863 3.246 308.8 156.03 27 0 0
56 22 13 629 1.272 1.207 0.934 16.85 328.68 108.02 28 0 0
57 22 13 629 1.272 6.0 0.934 3.391 328.68 108.02 28 0 0
58 15 13 433 0.852 1.116 0.914 12.205 312.71 185.77 29 0 0
59 15 13 433 0.852 5.456 0.914 2.497 312.71 185.77 29 0 0
4 1 14 42 0.829 1.214 0.963 10.928 178.05 158.11 2 0 0
5 1 14 42 0.829 4.989 0.963 2.66 178.05 158.11 2 0 0
6 8 14 238 0.886 1.186 1.092 11.949 162.08 235.86 3 0 0
7 8 14 238 0.886 7.237 1.092 1.958 162.08 235.86 3 0 0
8 5 14 154 1.063 1.309 0.88 12.993 181.96 187.86 4 0 0
9 5 14 154 1.063 5.938 0.88 2.864 181.96 187.86 4 0 0
10 12 14 350 1.788 1.21 0.604 23.649 165.99 265.61 5 0 0
11 12 14 350 1.788 5.389 0.604 5.308 165.99 265.61 5 0 0
12 4 14 126 1.144 1.201 1.035 15.235 154.25 176.38 6 0 0
13 4 14 126 1.144 5.562 1.035 3.29 154.25 176.38 6 0 0
14 11 14 322 0.89 1.217 1.05 11.698 138.28 254.13 7 0 0
15 11 14 322 0.89 6.157 1.05 2.312 138.28 254.13 7 0 0
16 3 14 98 0.907 1.127 0.366 12.874 150.33 146.63 8 0 0
17 3 14 98 0.907 5.68 0.366 2.555 150.33 146.63 8 0 0
18 10 14 294 0.928 1.233 1.297 12.036 134.36 224.38 9 0 0
19 10 14 294 0.928 6.365 1.297 2.332 134.36 224.38 9 0 0
20 2 14 70 0.885 1.186 1.0 11.932 174.13 128.37 10 0 0
21 2 14 70 0.885 5.048 1.0 2.804 174.13 128.37 10 0 0
22 9 14 266 1.014 1.326 0.894 12.232 158.16 206.12 11 0 0
23 9 14 266 1.014 5.128 0.894 3.164 158.16 206.12 11 0 0
24 7 14 210 0.876 1.172 0.937 11.956 201.85 139.85 12 0 0
25 7 14 210 0.876 4.66 0.937 3.007 201.85 139.85 12 0 0
26 14 14 406 0.996 1.133 0.938 14.062 185.88 217.6 13 0 0
27 14 14 406 0.996 6.404 0.938 2.488 185.88 217.6 13 0 0
28 6 14 182 1.075 1.278 0.905 13.462 205.76 169.59 14 0 0
29 6 14 182 1.075 4.554 0.905 3.777 205.76 169.59 14 0 0
30 13 14 378 1.099 1.26 1.017 13.948 189.79 247.34 15 0 0
31 13 14 378 1.099 5.639 1.017 3.118 189.79 247.34 15 0 0
32 24 14 686 1.101 1.162 1.134 15.166 209.68 199.34 16 0 0
33 24 14 686 1.101 6.549 1.134 2.691 209.68 199.34 16 0 0
34 17 14 490 1.079 1.172 0.953 14.727 193.71 277.09 17 0 0
35 17 14 490 1.079 5.277 0.953 3.271 193.71 277.09 17 0 0
36 25 14 714 1.254 1.19 0.895 16.854 213.59 229.08 18 0 0
37 25 14 714 1.254 4.272 0.895 4.696 213.59 229.08 18 0 0
38 18 14 518 0.961 1.126 0.89 13.651 197.62 306.83 19 0 0
39 18 14 518 0.961 5.271 0.89 2.917 197.62 306.83 19 0 0
40 26 14 742 1.036 1.126 0.787 14.717 241.31 240.56 20 0 0
41 26 14 742 1.036 5.622 0.787 2.947 241.31 240.56 20 0 0
42 19 14 546 0.915 1.119 1.087 13.091 225.34 318.31 21 0 0
43 19 14 546 0.915 4.863 1.087 3.012 225.34 318.31 21 0 0
44 27 14 770 1.122 1.176 0.969 15.269 265.11 222.3 22 0 0
45 27 14 770 1.122 6.263 0.969 2.868 265.11 222.3 22 0 0
46 20 14 574 0.992 1.158 0.929 13.707 249.14 300.05 23 0 0
47 20 14 574 0.992 5.131 0.929 3.095 249.14 300.05 23 0 0
48 28 14 798 0.906 1.236 1.05 11.731 261.19 192.55 24 0 0
49 28 14 798 0.906 5.232 1.05 2.77 261.19 192.55 24 0 0
50 21 14 602 1.208 1.073 1.001 18.017 245.23 270.3 25 0 0
51 21 14 602 1.208 4.963 1.001 3.894 245.23 270.3 25 0 0
52 23 14 658 0.922 1.23 1.146 11.992 233.48 181.07 26 0 0
53 23 14 658 0.922 4.984 1.146 2.959 233.48 181.07 26 0 0
54 16 14 462 0.825 1.197 1.13 11.036 217.51 258.82 27 0 0
55 16 14 462 0.825 5.635 1.13 2.344 217.51 258.82 27 0 0
56 22 14 630 0.784 1.142 0.849 10.991 237.39 210.82 28 0 0
57 22 14 630 0.784 6.78 0.849 1.851 237.39 210.82 28 0 0
58 15 14 434 1.804 1.18 0.604 24.466 221.43 288.57 29 0 0
59 15 14 434 1.804 6.826 0.604 4.23 221.43 288.57 29 0 0
4 1 15 43 0.819 1.163 1.143 11.262 -241.92 152.89 2 0 0
5 1 15 43 0.819 5.71 1.143 2.294 -241.92 152.89 2 0 0
6 8 15 239 1.071 1.237 1.012 13.853 -257.89 230.63 3 0 0
7 8 15 239 1.071 7.076 1.012 2.421 -257.89 230.63 3 0 0
8 5 15 155 1.071 1.308 1.152 13.105 -238.01 182.63 4 0 0
9 5 15 155 1.071 6.312 1.152 2.715 -238.01 182.63 4 0 0
10 12 15 351 0.833 1.189 1.153 11.215 -253.98 260.38 5 0 0
11 12 15 351 0.833 6.121 1.153 2.178 -253.98 260.38 5 0 0
12 4 15 127 0.943 1.187 1.017 12.708 -265.72 171.15 6 0 0
13 4 15 127 0.943 5.18 1.017 2.913 -265.72 171.15 6 0 0
14 11 15 323 0.867 1.104 0.856 12.562 -281.69 248.9 7 0 0
15 11 15 323 0.867 5.126 0.856 2.706 -281.69 248.9 7 0 0
16 3 15 99 0.897 1.197 0.879 11.998 -269.64 141.4 8 0 0
17 3 15 99 0.897 6.427 0.879 2.234 -269.64 141.4 8 0 0
18 10 15 295 0.928 1.111 1.15 13.358 -285.61 219.15 9 0 0
19 10 15 295 0.928 5.138 1.15 2.889 -285.61 219.15 9 0 0
20 2 15 71 1.017 1.155 1.39 14.09 -245.84 123.14 10 0 0
21 2 15 71 1.017 5.684 1.39 2.863 -245.84 123.14 10 0 0
22 9 15 267 0.902 1.211 1.126 11.91 -261.81 200.89 11 0 0
23 9 15 267 0.902 6.2 1.126 2.327 -261.81 200.89 11 0 0
24 7 15 211 1.046 1.204 0.72 13.895 -218.12 134.62 12 0 0
25 7 15 211 1.046 4.863 0.72 3.441 -218.12 134.62 12 0 0
26 14 15 407 1.289 1.149 0.851 17.942 -234.09 212.37 13 0 0
27 14 15 407 1.289 5.44 0.851 3.791 -234.09 212.37 13 0 0
28 6 15 183 1.269 1.165 0.832 17.426 -214.21 164.37 14 0 0
29 6 15 183 1.269 5.578 0.832 3.641 -214.21 164.37 14 0 0
30 13 15 379 0.973 1.162 0.93 13.39 -230.17 242.12 15 0 0
31 13 15 379 0.973 4.927 0.93 3.159 -230.17 242.12 15 0 0
32 24 15 687 0.902 1.289 0.894 11.193 -210.29 194.11 16 0 0
33 24 15 687 0.902 5.484 0.894 2.631 -210.29 194.11 16 0 0
34 17 15 491 0.973 1.074 0.816 14.49 -226.26 271.86 17 0 0
35 17 15 491 0.973 6.564 0.816 2.371 -226.26 271.86 17 0 0
36 25 15 715 0.883 1.066 0.977 13.245 -206.37 223.85 18 0 0
37 25 15 715 0.883 5.776 0.977 2.446 -206.37 223.85 18 0 0
38 18 15 519 1.196 1.142 0.787 16.756 -222.34 301.6 19 0 0
39 18 15 519 1.196 5.687 0.787 3.365 -222.34 301.6 19 0 0
40 26 15 743 0.955 1.152 0.937 13.263 -178.66 235.33 20 0 0
41 26 15 743 0.955 7.894 0.937 1.936 -178.66 235.33 20 0 0
42 19 15 547 0.918 1.211 1.055 12.125 -194.63 313.08 21 0 0
43 19 15 547 0.918 5.954 1.055 2.467 -194.63 313.08 21 0 0
44 27 15 771 0.97 1.094 1.097 14.193 -154.86 217.07 22 0 0
45 27 15 771 0.97 5.639 1.097 2.753 -154.86 217.07 22 0 0
46 20 15 575 0.852 1.092 0.831 12.48 -170.83 294.82 23 0 0
47 20 15 575 0.852 7.394 0.831 1.844 -170.83 294.82 23 0 0
48 28 15 799 1.169 1.249 1.103 14.98 -158.77 187.33 24 0 0
49 28 15 799 1.169 7.187 1.103 2.602 -158.77 187.33 24 0 0
50 21 15 603 1.126 1.156 0.907 15.579 -174.74 265.08 25 0 0
51 21 15 603 1.126 5.659 0.907 3.183 -174.74 265.08 25 0 0
52 23 15 659 0.882 1.147 0.972 12.305 -186.49 175.85 26 0 0
53 23 15 659 0.882 7.003 0.972 2.015 -186.49 175.85 26 0 0
54 16 15 463 1.2 1.09 0.849 17.62 -202.46 253.6 27 0 0
55 16 15 463 1.2 5.816 0.849 3.303 -202.46 253.6 27 0 0
56 22 15 631 1.111 1.185 0.934 15.001 -182.57 205.59 28 0 0
57 22 15 631 1.111 6.75 0.934 2.633 -182.57 205.59 28 0 0
58 15 15 435 1.136 1.086 0.876 16.728 -198.54 283.34 29 0 0
59 15 15 435 1.136 5.612 0.876 3.238 -198.54 283.34 29 0 0
4 1 16 44 0.986 1.186 1.237 13.305 86.76 260.91 2 0 0
5 1 16 44 0.986 4.391 1.237 3.594 86.76 260.91 2 0 0
6 8 16 240 1.3 1.222 0.881 17.019 70.79 338.66 3 0 0
7 8 16 240 1.3 4.604 0.881 4.518 70.79 338.66 3 0 0
8 5 16 156 1.007 1.182 1.143 13.633 90.67 290.65 4 0 0
9 5 16 156 1.007 6.271 1.143 2.57 90.67 290.65 4 0 0
10 12 16 352 0.932 1.206 0.885 12.37 74.71 368.4 5 0 0
11 12 16 352 0.932 5.854 0.885 2.548 74.71 368.4 5 0 0
12 4 16 128 1.23 1.22 0.916 16.135 62.96 279.17 6 0 0
13 4 16 128 1.23 5.312 0.916 3.704 62.96 279.17 6 0 0
14 11 16 324 1.14 1.174 1.051 15.539 46.99 356.92 7 0 0
15 11 16 324 1.14 5.106 1.051 3.572 46.99 356.92 7 0 0
16 3 16 100 0.812 1.262 1.056 10.297 59.04 249.43 8 0 0
17 3 16 100 0.812 6.543 1.056 1.987 59.04 249.43 8 0 0
18 10 16 296 0.904 1.153 1.073 12.547 43.07 327.18 9 0 0
19 10 16 296 0.904 6.344 1.073 2.28 43.07 327.18 9 0 0
20 2 16 72 1.203 1.188 1.062 16.204 82.84 231.16 10 0 0
21 2 16 72 1.203 5.528 1.062 3.482 82.84 231.16 10 0 0
22 9 16 268 1.138 1.232 1.01 14.772 66.87 308.91 11 0 0
23 9 16 268 1.138 5.844 1.01 3.115 66.87 308.91 11 0 0
24 7 16 212 1.444 1.171 0.884 19.735 110.56 242.64 12 0 0
25 7 16 212 1.444 5.633 0.884 4.101 110.56 242.64 12 0 0
26 14 16 408 1.018 1.161 1.052 14.032 94.59 320.39 13 0 0
27 14 16 408 1.018 6.396 1.052 2.547 94.59 320.39 13 0 0
28 6 16 184 1.206 1.233 1.074 15.658 114.48 272.39 14 0 0
29 6 16 184 1.206 5.791 1.074 3.333 114.48 272.39 14 0 0
30 13 16 380 1.477 1.239 0.808 19.083 98.51 350.14 15 0 0
31 13 16 380 1.477 5.527 0.808 4.277 98.51 350.14 15 0 0
32 24 16 688 1.177 1.214 0.867 15.507 118.39 302.13 16 0 0
33 24 16 688 1.177 5.463 0.867 3.446 118.39 302.13 16 0 0
34 0 16 0 nan nan nan nan 0 0 0 0 0
35 0 16 0 nan nan nan nan 0 0 0 0 0
36 25 16 716 1.59 1.107 0.685 22.987 122.31 331.87 18 0 0
37 25 16 716 1.59 5.647 0.685 4.504 122.31 331.87 18 0 0
38 0 16 0 nan nan nan nan 0 0 0 0 0
39 0 16 0 nan nan nan nan 0 0 0 0 0
40 26 16 744 1.008 1.169 1.029 13.788 150.02 343.36 20 0 0
41 26 16 744 1.008 5.207 1.029 3.096 150.02 343.36 20 0 0
42 0 16 0 nan nan nan nan 0 0 0 0 0
43 0 16 0 nan nan nan nan 0 0 0 0 0
44 27 16 772 1.19 1.265 0.832 15.053 173.82 325.09 22 0 0
45 27 16 772 1.19 6.23 0.832 3.057 173.82 325.09 22 0 0
46 0 16 0 nan nan nan nan 0 0 0 0 0
47 0 16 0 nan nan nan nan 0 0 0 0 0
48 28 16 800 0.992 1.188 0.805 13.37 169.91 295.35 24 0 0
49 28 16 800 0.992 6.458 0.805 2.459 169.91 295.35 24 0 0
50 0 16 0 nan nan nan nan 0 0 0 0 0
51 0 16 0 nan nan nan nan 0 0 0 0 0
52 23 16 660 0.854 1.128 0.98 12.114 142.19 283.87 26 0 0
53 23 16 660 0.854 5.803 0.98 2.356 142.19 283.87 26 0 0
54 0 16 0 nan nan nan nan 0 0 0 0 0
55 0 16 0 nan nan nan nan 0 0 0 0 0
56 22 16 632 1.127 1.157 0.867 15.591 146.11 313.61 28 0 0
57 22 16 632 1.127 5.951 0.867 3.031 146.11 313.61 28 0 0
58 0 16 0 nan nan nan nan 0 0 0 0 0
59 0 16 0 nan nan nan nan 0 0 0 0 0
4 0 17 0 nan nan nan nan 0 0 0 0 0
5 0 17 0 nan nan nan nan 0 0 0 0 0
6 8 17 241 1.066 1.142 0.908 14.936 -221.43 -288.57 3 0 0
7 8 17 241 1.066 6.312 0.908 2.702 -221.43 -288.57 3 0 0
8 0 17 0 nan nan nan nan 0 0 0 0 0
9 0 17 0 nan nan nan nan 0 0 0 0 0
10 12 17 353 1.161 1.156 1.002 16.077 -217.51 -258.82 5 0 0
11 12 17 353 1.161 5.436 1.002 3.417 -217.51 -258.82 5 0 0
12 0 17 0 nan nan nan nan 0 0 0 0 0
13 0 17 0 nan nan nan nan 0 0 0 0 0
14 11 17 325 1.315 1.186 0.75 17.747 -245.23 -270.3 7 0 0
15 11 17 325 1.315 6.019 0.75 3.496 -245.23 -270.3 7 0 0
16 0 17 0 nan nan nan nan 0 0 0 0 0
17 0 17 0 nan nan nan nan 0 0 0 0 0
18 10 17 297 1.157 1.24 0.849 14.924 -249.14 -300.05 9 0 0
19 10 17 297 1.157 5.342 0.849 3.466 -249.14 -300.05 9 0 0
20 0 17 0 nan nan nan nan 0 0 0 0 0
21 0 17 0 nan nan nan nan 0 0 0 0 0
22 9 17 269 1.071 1.21 0.802 14.171 -225.34 -318.31 11 0 0
23 9 17 269 1.071 5.754 0.802 2.979 -225.34 -318.31 11 0 0
24 0 17 0 nan nan nan nan 0 0 0 0 0
25 0 17 0 nan nan nan nan 0 0 0 0 0
26 14 17 409 1.374 1.224 0.887 17.961 -197.62 -306.83 13 0 0
27 14 17 409 1.374 6.485 0.887 3.389 -197.62 -306.83 13 0 0
28 0 17 0 nan nan nan nan 0 0 0 0 0
29 0 17 0 nan nan nan nan 0 0 0 0 0
30 13 17 381 1.144 1.197 0.907 15.289 -193.71 -277.09 15 0 0
31 13 17 381 1.144 5.29 0.907 3.46 -193.71 -277.09 15 0 0
32 24 17 689 1.154 1.138 0.938 16.22 -173.82 -325.09 16 0 0
33 24 17 689 1.154 6.392 0.938 2.888 -173.82 -325.09 16 0 0
34 17 17 493 1.205 1.191 0.958 16.179 -189.79 -247.34 17 0 0
35 17 17 493 1.205 6.333 0.958 3.044 -189.79 -247.34 17 0 0
36 25 17 717 2.223 1.068 1.037 33.316 -169.91 -295.35 18 0 0
37 25 17 717 2.223 5.379 1.037 6.613 -169.91 -295.35 18 0 0
38 18 17 521 0.944 1.165 0.984 12.97 -185.88 -217.6 19 0 0
39 18 17 521 0.944 6.314 0.984 2.393 -185.88 -217.6 19 0 0
40 26 17 745 1.184 1.128 0.855 16.793 -142.19 -283.87 20 0 0
41 26 17 745 1.184 7.448 0.855 2.544 -142.19 -283.87 20 0 0
42 19 17 549 1.085 1.195 0.955 14.531 -158.16 -206.12 21 0 0
43 19 17 549 1.085 5.623 0.955 3.088 -158.16 -206.12 21 0 0
44 27 17 773 1.184 1.026 1.016 18.464 -118.39 -302.13 22 0 0
45 27 17 773 1.184 6.284 1.016 3.016 -118.39 -302.13 22 0 0
46 20 17 577 1.082 1.205 0.484 14.37 -134.36 -224.38 23 0 0
47 20 17 577 1.082 9.993 0.484 1.733 -134.36 -224.38 23 0 0
48 28 17 801 1.196 1.154 0.881 16.594 -122.31 -331.87 24 0 0
49 28 17 801 1.196 7.063 0.881 2.71 -122.31 -331.87 24 0 0
50 21 17 605 1.044 1.109 0.883 15.071 -138.28 -254.13 25 0 0
51 21 17 605 1.044 6.309 0.883 2.648 -138.28 -254.13 25 0 0
52 23 17 661 1.271 1.202 0.813 16.922 -150.02 -343.36 26 0 0
53 23 17 661 1.271 6.899 0.813 2.948 -150.02 -343.36 26 0 0
54 16 17 465 1.294 1.231 0.653 16.815 -165.99 -265.61 27 0 0
55 16 17 465 1.294 6.575 0.653 3.149 -165.99 -265.61 27 0 0
56 22 17 633 1.044 1.118 0.932 14.943 -146.11 -313.61 28 0 0
57 22 17 633 1.044 5.902 0.932 2.83 -146.11 -313.61 28 0 0
58 15 17 437 1.019 1.099 0.938 14.84 -162.08 -235.86 29 0 0
59 15 17 437 1.019 6.278 0.938 2.597 -162.08 -235.86 29 0 0
4 0 18 0 nan nan nan nan 0 0 0 0 0
5 0 18 0 nan nan nan nan 0 0 0 0 0
6 8 18 242 0.847 1.172 1.091 11.571 -70.79 -338.66 3 0 0
7 8 18 242 0.847 5.535 1.091 2.449 -70.79 -338.66 3 0 0
8 0 18 0 nan nan nan nan 0 0 0 0 0
9 0 18 0 nan nan nan nan 0 0 0 0 0
10 12 18 354 1.164 1.258 0.864 14.815 -66.87 -308.91 5 0 0
11 12 18 354 1.164 4.39 0.864 4.244 -66.87 -308.91 5 0 0
12 0 18 0 nan nan nan nan 0 0 0 0 0
13 0 18 0 nan nan nan nan 0 0 0 0 0
14 11 18 326 1.002 1.254 0.927 12.781 -94.59 -320.39 7 0 0
15 11 18 326 1.002 6.263 0.927 2.559 -94.59 -320.39 7 0 0
16 0 18 0 nan nan nan nan 0 0 0 0 0
17 0 18 0 nan nan nan nan 0 0 0 0 0
18 10 18 298 0.93 1.156 0.87 12.862 -98.51 -350.14 9 0 0
19 10 18 298 0.93 5.17 0.87 2.877 -98.51 -350.14 9 0 0
20 0 18 0 nan nan nan nan 0 0 0 0 0
21 0 18 0 nan nan nan nan 0 0 0 0 0
22 9 18 270 1.244 1.182 0.922 16.833 -74.71 -368.4 11 0 0
23 9 18 270 1.244 6.569 0.922 3.03 -74.71 -368.4 11 0 0
24 0 18 0 nan nan nan nan 0 0 0 0 0
25 0 18 0 nan nan nan nan 0 0 0 0 0
26 14 18 410 1.56 1.274 0.666 19.59 -46.99 -356.92 13 0 0
27 14 18 410 1.56 5.765 0.666 4.33 -46.99 -356.92 13 0 0
28 0 18 0 nan nan nan nan 0 0 0 0 0
29 0 18 0 nan nan nan nan 0 0 0 0 0
30 13 18 382 1.115 1.159 0.942 15.387 -43.07 -327.18 15 0 0
31 13 18 382 1.115 5.529 0.942 3.226 -43.07 -327.18 15 0 0
32 24 18 690 0.822 1.122 1.018 11.721 -23.19 -375.18 16 0 0
33 24 18 690 0.822 5.705 1.018 2.305 -23.19 -375.18 16 0 0
34 17 18 494 1.062 1.182 1.064 14.375 -39.16 -297.43 17 0 0
35 17 18 494 1.062 4.894 1.064 3.471 -39.16 -297.43 17 0 0
36 25 18 718 1.312 1.236 0.772 16.975 -19.27 -345.44 18 0 0
37 25 18 718 1.312 4.602 0.772 4.56 -19.27 -345.44 18 0 0
38 18 18 522 0.836 1.147 0.973 11.659 -35.24 -267.69 19 0 0
39 18 18 522 0.836 5.387 0.973 2.483 -35.24 -267.69 19 0 0
40 26 18 746 1.439 1.237 0.72 18.61 8.44 -333.96 20 0 0
41 26 18 746 1.439 4.435 0.72 5.191 8.44 -333.96 20 0 0
42 19 18 550 0.96 1.235 1.073 12.434 -7.53 -256.21 21 0 0
43 19 18 550 0.96 5.543 1.073 2.77 -7.53 -256.21 21 0 0
44 27 18 774 1.144 1.211 1.018 15.116 32.24 -352.22 22 0 0
45 27 18 774 1.144 5.598 1.018 3.269 32.24 -352.22 22 0 0
46 20 18 578 0.88 1.134 0.908 12.41 16.27 -274.47 23 0 0
47 20 18 578 0.88 6.264 0.908 2.247 16.27 -274.47 23 0 0
48 28 18 802 0.95 1.186 0.812 12.82 28.33 -381.97 24 0 0
49 28 18 802 0.95 5.32 0.812 2.858 28.33 -381.97 24 0 0
50 21 18 606 1.017 1.149 1.065 14.162 12.36 -304.22 25 0 0
51 21 18 606 1.017 5.35 1.065 3.042 12.36 -304.22 25 0 0
52 23 18 662 1.021 1.179 0.977 13.852 0.61 -393.45 26 0 0
53 23 18 662 1.021 5.935 0.977 2.752 0.61 -393.45 26 0 0
54 16 18 466 1.068 1.214 0.983 14.076 -15.36 -315.7 27 0 0
55 16 18 466 1.068 6.906 0.983 2.473 -15.36 -315.7 27 0 0
56 22 18 634 0.781 1.116 0.81 11.188 4.53 -363.7 28 0 0
57 22 18 634 0.781 5.784 0.81 2.159 4.53 -363.7 28 0 0
58 15 18 438 0.966 1.16 0.903 13.318 -11.44 -285.95 29 0 0
59 15 18 438 0.966 5.344 0.903 2.891 -11.44 -285.95 29 0 0
4 1 19 47 1.209 1.214 0.824 15.934 -123.22 258.29 2 0 0
5 1 19 47 1.209 4.883 0.824 3.963 -123.22 258.29 2 0 0
6 8 19 243 0.747 1.106 1.857 10.808 -139.19 336.04 3 0 0
7 8 19 243 0.747 5.555 1.857 2.152 -139.19 336.04 3 0 0
8 5 19 159 1.337 1.142 0.674 18.731 -119.31 288.04 4 0 0
9 5 19 159 1.337 4.836 0.674 4.424 -119.31 288.04 4 0 0
10 12 19 355 0.839 1.079 1.359 12.439 -135.28 365.79 5 0 0
11 12 19 355 0.839 4.761 1.359 2.82 -135.28 365.79 5 0 0
12 4 19 131 1.148 1.214 0.88 15.135 -147.03 276.56 6 0 0
13 4 19 131 1.148 6.116 0.88 3.004 -147.03 276.56 6 0 0
14 11 19 327 0.878 1.208 1.444 11.635 -162.99 354.31 7 0 0
15 11 19 327 0.878 5.211 1.444 2.697 -162.99 354.31 7 0 0
16 3 19 103 1.27 1.268 0.698 16.019 -150.94 246.81 8 0 0
17 3 19 103 1.27 6.084 0.698 3.339 -150.94 246.81 8 0 0
18 10 19 299 1.004 1.208 1.365 13.293 -166.91 324.56 9 0 0
19 10 19 299 1.004 5.905 1.365 2.72 -166.91 324.56 9 0 0
20 2 19 75 1.193 1.142 0.79 16.72 -127.14 228.55 10 0 0
21 2 19 75 1.193 5.733 0.79 3.33 -127.14 228.55 10 0 0
22 9 19 271 1.144 1.196 1.37 15.302 -143.11 306.3 11 0 0
23 9 19 271 1.144 6.067 1.37 3.017 -143.11 306.3 11 0 0
24 7 19 215 1.25 1.276 0.769 15.679 -99.42 240.03 12 0 0
25 7 19 215 1.25 5.442 0.769 3.676 -99.42 240.03 12 0 0
26 14 19 411 1.079 1.296 0.726 13.317 -115.39 317.78 13 0 0
27 14 19 411 1.079 7.806 0.726 2.212 -115.39 317.78 13 0 0
28 6 19 187 1.169 1.169 0.878 16.003 -95.51 269.77 14 0 0
29 6 19 187 1.169 6.517 0.878 2.87 -95.51 269.77 14 0 0
30 13 19 383 1.096 1.208 1.412 14.505 -111.48 347.52 15 0 0
31 13 19 383 1.096 5.365 1.412 3.267 -111.48 347.52 15 0 0
32 24 19 691 0.901 1.157 1.019 12.466 -91.59 299.52 16 0 0
33 24 19 691 0.901 6.641 1.019 2.172 -91.59 299.52 16 0 0
34 0 19 0 nan nan nan nan 0 0 0 0 0
35 0 19 0 nan nan nan nan 0 0 0 0 0
36 25 19 719 1.031 1.121 1.241 14.719 -87.68 329.26 18 0 0
37 25 19 719 1.031 5.153 1.241 3.201 -87.68 329.26 18 0 0
38 0 19 0 nan nan nan nan 0 0 0 0 0
39 0 19 0 nan nan nan nan 0 0 0 0 0
40 26 19 747 1.213 1.111 1.031 17.47 -59.96 340.74 20 0 0
41 26 19 747 1.213 5.588 1.031 3.475 -59.96 340.74 20 0 0
42 0 19 0 nan nan nan nan 0 0 0 0 0
43 0 19 0 nan nan nan nan 0 0 0 0 0
44 27 19 775 0.942 1.136 1.115 13.266 -36.16 322.48 22 0 0
45 27 19 775 0.942 6.464 1.115 2.33 -36.16 322.48 22 0 0
46 0 19 0 nan nan nan nan 0 0 0 0 0
47 0 19 0 nan nan nan nan 0 0 0 0 0
48 28 19 803 1.075 1.228 1.161 14.013 -40.08 292.74 24 0 0
49 28 19 803 1.075 4.812 1.161 3.575 -40.08 292.74 24 0 0
50 0 19 0 nan nan nan nan 0 0 0 0 0
51 0 19 0 nan nan nan nan 0 0 0 0 0
52 23 19 663 0.847 1.173 1.074 11.55 -67.79 281.25 26 0 0
53 23 19 663 0.847 5.245 1.074 2.583 -67.79 281.25 26 0 0
54 0 19 0 nan nan nan nan 0 0 0 0 0
55 0 19 0 nan nan nan nan 0 0 0 0 0
56 22 19 635 0.823 1.249 1.052 10.546 -63.88 311.0 28 0 0
57 22 19 635 0.823 5.989 1.052 2.198 -63.88 311.0 28 0 0
58 0 19 0 nan nan nan nan 0 0 0 0 0
59 0 19 0 nan nan nan nan 0 0 0 0 0
4 1 20 48 0.836 1.15 0.879 11.629 -360.62 47.48 2 0 0
5 1 20 48 0.836 5.782 0.879 2.313 -360.62 47.48 2 0 0
6 0 20 0 nan nan nan nan 0 0 0 0 0
7 0 20 0 nan nan nan nan 0 0 0 0 0
8 5 20 160 0.899 1.213 0.944 11.858 -356.7 77.22 4 0 0
9 5 20 160 0.899 6.404 0.944 2.247 -356.7 77.22 4 0 0
10 0 20 0 nan nan nan nan 0 0 0 0 0
11 0 20 0 nan nan nan nan 0 0 0 0 0
12 4 20 132 0.831 1.19 1.125 11.178 -384.42 65.74 6 0 0
13 4 20 132 0.831 5.7 1.125 2.334 -384.42 65.74 6 0 0
14 0 20 0 nan nan nan nan 0 0 0 0 0
15 0 20 0 nan nan nan nan 0 0 0 0 0
16 3 20 104 0.921 1.183 0.85 12.46 -388.34 36.0 8 0 0
17 3 20 104 0.921 5.217 0.85 2.825 -388.34 36.0 8 0 0
18 0 20 0 nan nan nan nan 0 0 0 0 0
19 0 20 0 nan nan nan nan 0 0 0 0 0
20 2 20 76 0.884 1.105 1.073 12.802 -364.53 17.73 10 0 0
21 2 20 76 0.884 5.281 1.073 2.678 -364.53 17.73 10 0 0
22 0 20 0 nan nan nan nan 0 0 0 0 0
23 0 20 0 nan nan nan nan 0 0 0 0 0
24 7 20 216 0.868 1.175 1.186 11.825 -336.82 29.21 12 0 0
25 7 20 216 0.868 5.62 1.186 2.472 -336.82 29.21 12 0 0
26 0 20 0 nan nan nan nan 0 0 0 0 0
27 0 20 0 nan nan nan nan 0 0 0 0 0
28 6 20 188 1.046 1.194 0.951 14.02 -332.9 58.96 14 0 0
29 6 20 188 1.046 5.617 0.951 2.981 -332.9 58.96 14 0 0
30 0 20 0 nan nan nan nan 0 0 0 0 0
31 0 20 0 nan nan nan nan 0 0 0 0 0
32 24 20 692 0.961 1.177 0.994 13.055 -328.99 88.7 16 0 0
33 24 20 692 0.961 5.272 0.994 2.916 -328.99 88.7 16 0 0
34 17 20 496 0.92 1.224 1.078 12.027 -344.96 166.45 17 0 0
35 17 20 496 0.92 6.964 1.078 2.115 -344.96 166.45 17 0 0
36 25 20 720 0.888 1.148 1.108 12.382 -325.07 118.44 18 0 0
37 25 20 720 0.888 8.241 1.108 1.725 -325.07 118.44 18 0 0
38 18 20 524 0.923 1.072 1.039 13.773 -341.04 196.19 19 0 0
39 18 20 524 0.923 7.043 1.039 2.096 -341.04 196.19 19 0 0
40 26 20 748 0.878 1.214 0.989 11.573 -297.35 129.92 20 0 0
41 26 20 748 0.878 7.081 0.989 1.985 -297.35 129.92 20 0 0
42 19 20 552 1.006 1.213 0.992 13.273 -313.32 207.67 21 0 0
43 19 20 552 1.006 7.569 0.992 2.127 -313.32 207.67 21 0 0
44 27 20 776 0.922 1.097 1.162 13.442 -273.55 111.66 22 0 0
45 27 20 776 0.922 7.098 1.162 2.078 -273.55 111.66 22 0 0
46 20 20 580 0.886 1.176 1.031 12.053 -289.52 189.41 23 0 0
47 20 20 580 0.886 5.822 1.031 2.436 -289.52 189.41 23 0 0
48 28 20 804 0.898 1.161 0.898 12.372 -277.47 81.92 24 0 0
49 28 20 804 0.898 7.267 0.898 1.977 -277.47 81.92 24 0 0
50 21 20 608 0.982 1.203 0.952 13.06 -293.44 159.67 25 0 0
51 21 20 608 0.982 5.517 0.952 2.849 -293.44 159.67 25 0 0
52 23 20 664 0.835 1.137 1.087 11.752 -305.19 70.44 26 0 0
53 23 20 664 0.835 6.329 1.087 2.111 -305.19 70.44 26 0 0
54 16 20 468 0.84 1.214 1.124 11.064 -321.16 148.19 27 0 0
55 16 20 468 0.84 5.874 1.124 2.287 -321.16 148.19 27 0 0
56 22 20 636 0.876 1.175 1.007 11.938 -301.27 100.18 28 0 0
57 22 20 636 0.876 7.213 1.007 1.944 -301.27 100.18 28 0 0
58 15 20 440 0.865 1.174 1.09 11.793 -317.24 177.93 29 0 0
59 15 20 440 0.865 5.051 1.09 2.741 -317.24 177.93 29 0 0
4 0 21 0 nan nan nan nan 0 0 0 0 0
5 0 21 0 nan nan nan nan 0 0 0 0 0
6 8 21 245 0.949 1.115 1.274 13.617 -312.71 -185.77 3 0 0
7 8 21 245 0.949 5.677 1.274 2.674 -312.71 -185.77 3 0 0
8 0 21 0 nan nan nan nan 0 0 0 0 0
9 0 21 0 nan nan nan nan 0 0 0 0 0
10 12 21 357 0.888 1.179 1.302 12.055 -308.8 -156.03 5 0 0
11 12 21 357 0.888 5.165 1.302 2.752 -308.8 -156.03 5 0 0
12 0 21 0 nan nan nan nan 0 0 0 0 0
13 0 21 0 nan nan nan nan 0 0 0 0 0
14 11 21 329 1.013 1.183 1.176 13.692 -336.51 -167.51 7 0 0
15 11 21 329 1.013 5.562 1.176 2.913 -336.51 -167.51 7 0 0
16 0 21 0 nan nan nan nan 0 0 0 0 0
17 0 21 0 nan nan nan nan 0 0 0 0 0
18 10 21 301 1.097 1.177 1.307 14.914 -340.43 -197.25 9 0 0
19 10 21 301 1.097 5.725 1.307 3.067 -340.43 -197.25 9 0 0
20 0 21 0 nan nan nan nan 0 0 0 0 0
21 0 21 0 nan nan nan nan 0 0 0 0 0
22 9 21 273 1.21 1.084 1.544 17.854 -316.63 -215.52 11 0 0
23 9 21 273 1.21 5.29 1.544 3.659 -316.63 -215.52 11 0 0
24 0 21 0 nan nan nan nan 0 0 0 0 0
25 0 21 0 nan nan nan nan 0 0 0 0 0
26 14 21 413 1.342 1.119 1.093 19.188 -288.91 -204.04 13 0 0
27 14 21 413 1.342 5.298 1.093 4.052 -288.91 -204.04 13 0 0
28 0 21 0 nan nan nan nan 0 0 0 0 0
29 0 21 0 nan nan nan nan 0 0 0 0 0
30 13 21 385 0.974 1.185 1.285 13.153 -285.0 -174.29 15 0 0
31 13 21 385 0.974 5.5 1.285 2.835 -285.0 -174.29 15 0 0
32 24 21 693 1.056 1.063 0.843 15.891 -265.11 -222.3 16 0 0
33 24 21 693 1.056 4.398 0.843 3.84 -265.11 -222.3 16 0 0
34 17 21 497 1.01 1.213 0.941 13.317 -281.08 -144.55 17 0 0
35 17 21 497 1.01 5.455 0.941 2.961 -281.08 -144.55 17 0 0
36 25 21 721 0.978 1.127 0.032 13.877 -261.19 -192.55 18 0 0
37 25 21 721 0.978 -2.377 0.032 -6.583 -261.19 -192.55 18 0 0
38 18 21 525 0.92 1.137 1.074 12.943 -277.16 -114.81 19 0 0
39 18 21 525 0.92 6.129 1.074 2.401 -277.16 -114.81 19 0 0
40 26 21 749 1.037 1.132 1.196 14.65 -233.48 -181.07 20 0 0
41 26 21 749 1.037 5.4 1.196 3.071 -233.48 -181.07 20 0 0
42 19 21 553 0.899 1.277 1.294 11.262 -249.45 -103.32 21 0 0
43 19 21 553 0.899 6.069 1.294 2.37 -249.45 -103.32 21 0 0
44 27 21 777 0.916 1.07 1.005 13.691 -209.68 -199.34 22 0 0
45 27 21 777 0.916 5.322 1.005 2.753 -209.68 -199.34 22 0 0
46 20 21 581 1.308 1.102 0.692 18.999 -225.65 -121.59 23 0 0
47 20 21 581 1.308 6.17 0.692 3.393 -225.65 -121.59 23 0 0
48 28 21 805 1.067 1.114 0.984 15.315 -213.59 -229.08 24 0 0
49 28 21 805 1.067 4.576 0.984 3.729 -213.59 -229.08 24 0 0
50 21 21 609 0.852 1.258 1.244 10.834 -229.56 -151.33 25 0 0
51 21 21 609 0.852 4.963 1.244 2.747 -229.56 -151.33 25 0 0
52 23 21 665 1.186 1.1 1.058 17.256 -241.31 -240.56 26 0 0
53 23 21 665 1.186 5.207 1.058 3.644 -241.31 -240.56 26 0 0
54 16 21 469 0.894 1.035 0.891 13.815 -257.28 -162.81 27 0 0
55 16 21 469 0.894 6.898 0.891 2.072 -257.28 -162.81 27 0 0
56 22 21 637 0.955 1.113 1.267 13.734 -237.39 -210.82 28 0 0
57 22 21 637 0.955 5.738 1.267 2.664 -237.39 -210.82 28 0 0
58 15 21 441 1.066 1.097 0.845 15.547 -253.36 -133.07 29 0 0
59 15 21 441 1.066 5.026 0.845 3.393 -253.36 -133.07 29 0 0
4 0 22 0 nan nan nan nan 0 0 0 0 0
5 0 22 0 nan nan nan nan 0 0 0 0 0
6 8 22 246 0.972 1.115 1.027 13.945 198.54 -283.34 3 0 0
7 8 22 246 0.972 4.767 1.027 3.262 198.54 -283.34 3 0 0
8 0 22 0 nan nan nan nan 0 0 0 0 0
9 0 22 0 nan nan nan nan 0 0 0 0 0
10 12 22 358 0.934 1.114 1.021 13.422 202.46 -253.6 5 0 0
11 12 22 358 0.934 5.036 1.021 2.969 202.46 -253.6 5 0 0
12 0 22 0 nan nan nan nan 0 0 0 0 0
13 0 22 0 nan nan nan nan 0 0 0 0 0
14 11 22 330 0.968 1.196 1.159 12.942 174.74 -265.08 7 0 0
15 11 22 330 0.968 4.438 1.159 3.489 174.74 -265.08 7 0 0
16 0 22 0 nan nan nan nan 0 0 0 0 0
17 0 22 0 nan nan nan nan 0 0 0 0 0
18 10 22 302 0.953 1.152 1.053 13.239 170.83 -294.82 9 0 0
19 10 22 302 0.953 4.934 1.053 3.09 170.83 -294.82 9 0 0
20 0 22 0 nan nan nan nan 0 0 0 0 0
21 0 22 0 nan nan nan nan 0 0 0 0 0
22 9 22 274 0.963 1.177 0.955 13.091 194.63 -313.08 11 0 0
23 9 22 274 0.963 6.128 0.955 2.514 194.63 -313.08 11 0 0
24 0 22 0 nan nan nan nan 0 0 0 0 0
25 0 22 0 nan nan nan nan 0 0 0 0 0
26 14 22 414 1.187 1.092 1.046 17.397 222.34 -301.6 13 0 0
27 14 22 414 1.187 5.671 1.046 3.35 222.34 -301.6 13 0 0
28 0 22 0 nan nan nan nan 0 0 0 0 0
29 0 22 0 nan nan nan nan 0 0 0 0 0
30 13 22 386 0.957 1.126 1.082 13.607 226.26 -271.86 15 0 0
31 13 22 386 0.957 4.985 1.082 3.073 226.26 -271.86 15 0 0
32 0 22 0 nan nan nan nan 0 0 0 0 0
33 0 22 0 nan nan nan nan 0 0 0 0 0
34 17 22 498 1.246 1.113 1.201 17.904 230.17 -242.12 17 0 0
35 17 22 498 1.246 6.451 1.201 3.09 230.17 -242.12 17 0 0
36 0 22 0 nan nan nan nan 0 0 0 0 0
37 0 22 0 nan nan nan nan 0 0 0 0 0
38 18 22 526 1.088 1.155 1.126 15.071 234.09 -212.37 19 0 0
39 18 22 526 1.088 6.37 1.126 2.733 234.09 -212.37 19 0 0
40 0 22 0 nan nan nan nan 0 0 0 0 0
41 0 22 0 nan nan nan nan 0 0 0 0 0
42 19 22 554 0.886 1.111 1.064 12.761 261.81 -200.89 21 0 0
43 19 22 554 0.886 6.103 1.064 2.322 261.81 -200.89 21 0 0
44 0 22 0 nan nan nan nan 0 0 0 0 0
45 0 22 0 nan nan nan nan 0 0 0 0 0
46 20 22 582 0.913 1.068 0.992 13.688 285.61 -219.15 23 0 0
47 20 22 582 0.913 6.347 0.992 2.303 285.61 -219.15 23 0 0
48 0 22 0 nan nan nan nan 0 0 0 0 0
49 0 22 0 nan nan nan nan 0 0 0 0 0
50 21 22 610 1.055 1.081 1.015 15.629 281.69 -248.9 2 0 0
51 21 22 610 1.055 4.936 1.015 3.421 281.69 -248.9 2 0 0
52 0 22 0 nan nan nan nan 0 0 0 0 0
53 0 22 0 nan nan nan nan 0 0 0 0 0
54 16 22 470 1.523 1.099 0.932 22.179 253.98 -260.38 27 0 0
55 16 22 470 1.523 4.57 0.932 5.331 253.98 -260.38 27 0 0
56 0 22 0 nan nan nan nan 0 0 0 0 0
57 0 22 0 nan nan nan nan 0 0 0 0 0
58 15 22 442 0.857 1.186 1.179 11.555 257.89 -230.63 29 0 0
59 15 22 442 0.857 5.522 1.179 2.482 257.89 -230.63 29 0 0
