Input card have been read.
Event number  14176  with  c -mode is processing...
Neighbors cleaning for event 14176 with treshold 20000 is providing...
14181.423499999997 20000
ok
25972.641000000003 20000
23430.31 20000
14299.963000000002 20000
ok
11304.3405 20000
ok
14179.223000000002 20000
ok
11994.210000000001 20000
ok
13322.778000000002 20000
ok
7228.009 20000
ok
17055.5685 20000
ok
21258.564 20000
18731.668500000003 20000
ok
19388.5825 20000
ok
20312.326999999997 20000
18757.9285 20000
ok
19823.248 20000
ok
24554.79 20000
5886.347 20000
ok
16882.014 20000
ok
10320.376000000002 20000
ok
15680.272 20000
ok
9756.592 20000
ok
22906.574 20000
14769.427 20000
ok
25505.692 20000
16696.044 20000
ok
21430.343 20000
23695.549 20000
0 20000
0 20000
0 20000
0 20000
9564.502 20000
0 20000
10873.955 20000
8463.062 20000
10012.491 20000
4670.822 20000
6781.203 20000
0 20000
0 20000
0 20000
0 20000
0 20000
0 20000
0 20000
0 20000
0 20000
0 20000
0 20000
0 20000
0 20000
0 20000
0 20000
0 20000
0 20000
25059.611 20000
28621.524 20000
23634.140000000003 20000
30283.579 20000
20133.625 20000
25206.606 20000
14687.733 20000
ok
14201.827000000001 20000
ok
20497.143 20000
28215.569000000003 20000
24322.149 20000
26120.826999999997 20000
25287.721 20000
26640.420999999995 20000
23352.104 20000
22570.190000000002 20000
16605.014000000003 20000
ok
24252.497000000003 20000
12515.896 20000
ok
7312.817999999999 20000
ok
4227.745 20000
ok
12825.298999999999 20000
ok
13433.768000000002 20000
ok
9076.431 20000
ok
12315.445 20000
ok
23013.542 20000
18498.69 20000
ok
17651.428 20000
ok
0 20000
0 20000
0 20000
0 20000
2485.594 20000
0 20000
7891.229 20000
7887.133 20000
4451.0960000000005 20000
1105.9299999999998 20000
0 20000
0 20000
0 20000
0 20000
0 20000
0 20000
0 20000
0 20000
0 20000
0 20000
1957.44 20000
0 20000
9414.084 20000
0 20000
0 20000
0 20000
0 20000
0 20000
0 20000
0 20000
0 20000
0 20000
0 20000
0 20000
0 20000
0 20000
0 20000
0 20000
0 20000
0 20000
0 20000
0 20000
0 20000
0 20000
0 20000
0 20000
1316.4669999999999 20000
4332.771000000001 20000
4773.907 20000
12278.161 20000
0 20000
5036.887 20000
0 20000
0 20000
0 20000
0 20000
0 20000
0 20000
0 20000
0 20000
0 20000
0 20000
0 20000
0 20000
0 20000
0 20000
0 20000
0 20000
0 20000
0 20000
0 20000
0 20000
0 20000
3457.44 20000
4991.219999999999 20000
10052.087 20000
11987.083999999999 20000
15467.435000000001 20000
7374.923 20000
10905.348 20000
0 20000
0 20000
0 20000
0 20000
0 20000
0 20000
0 20000
0 20000
0 20000
0 20000
0 20000
0 20000
0 20000
0 20000
8842.611 20000
0 20000
4509.84 20000
0 20000
0 20000
0 20000
0 20000
0 20000
0 20000
0 20000
4578.8820000000005 20000
0 20000
10860.801000000001 20000
0 20000
9768.324 20000
0 20000
0 20000
0 20000
0 20000
0 20000
0 20000
0 20000
0 20000
0 20000
0 20000
0 20000
8371.122000000001 20000
0 20000
3792.2400000000002 20000
0 20000
0 20000
0 20000
0 20000
0 20000
0 20000
0 20000
0 20000
0 20000
0 20000
0 20000
0 20000
0 20000
0 20000
0 20000
0 20000
0 20000
0 20000
0 20000
0 20000
0 20000
0 20000
0 20000
0 20000
0 20000
0 20000
0 20000
0 20000
0 20000
0 20000
0 20000
0 20000
0 20000
0 20000
0 20000
0 20000
0 20000
0 20000
0 20000
0 20000
0 20000
0 20000
0 20000
0 20000
0 20000
0 20000
0 20000
0 20000
0 20000
4735.08 20000
5513.628000000001 20000
10498.387999999999 20000
4568.428 20000
3257.072 20000
633.1800000000001 20000
0 20000
0 20000
0 20000
0 20000
0 20000
0 20000
0 20000
0 20000
1768.233 20000
7456.644 20000
8130.533 20000
10742.647 20000
0 20000
3196.663 20000
0 20000
0 20000
0 20000
0 20000
22083.228 20000
23538.912 20000
22096.36 20000
26124.119000000002 20000
13851.983999999999 20000
ok
16005.618999999999 20000
ok
11089.284 20000
ok
11323.041 20000
ok
10260.547999999999 20000
ok
19266.268 20000
ok
10870.614000000001 20000
ok
25137.392999999996 20000
18407.701999999997 20000
ok
25569.365999999998 20000
18116.844 20000
ok
24407.54 20000
21590.243 20000
22277.633 20000
15267.032 20000
ok
14844.963 20000
ok
6950.186 20000
ok
10745.976 20000
ok
7442.26 20000
ok
11526.376 20000
ok
12201.952000000001 20000
ok
25809.581 20000
21968.631999999998 20000
22036.367 20000
22361.719250000002 20000
15868.7 20000
ok
23410.539 20000
11375.847999999998 20000
ok
10950.316 20000
ok
15774.767 20000
ok
13006.108 20000
ok
10378.443 20000
ok
10969.315250000001 20000
ok
18883.575999999997 20000
ok
18285.597999999998 20000
ok
19959.477 20000
ok
19535.19825 20000
ok
17387.824999999997 20000
ok
17979.137 20000
ok
16801.006999999998 20000
ok
22274.213 20000
5068.174 20000
ok
19953.677 20000
ok
13537.813000000002 20000
ok
12251.1 20000
ok
10151.112000000001 20000
ok
8476.663 20000
ok
14749.143 20000
ok
24094.138000000003 20000
14320.232 20000
ok
17743.045000000002 20000
ok
25863.184999999998 20000
0 20000
0 20000
0 20000
0 20000
0 20000
0 20000
0 20000
0 20000
3712.133 20000
0 20000
8989.671 20000
0 20000
5896.41 20000
0 20000
0 20000
0 20000
0 20000
0 20000
0 20000
0 20000
0 20000
0 20000
1463.672 20000
0 20000
7360.082 20000
0 20000
0 20000
0 20000
0 20000
0 20000
0 20000
0 20000
0 20000
0 20000
0 20000
0 20000
0 20000
0 20000
0 20000
0 20000
0 20000
0 20000
0 20000
0 20000
0 20000
0 20000
0 20000
0 20000
0 20000
0 20000
0 20000
0 20000
0 20000
0 20000
0 20000
0 20000
0 20000
0 20000
0 20000
0 20000
0 20000
0 20000
0 20000
0 20000
0 20000
0 20000
0 20000
0 20000
0 20000
0 20000
0 20000
0 20000
0 20000
0 20000
0 20000
0 20000
0 20000
0 20000
0 20000
0 20000
0 20000
0 20000
0 20000
0 20000
0 20000
0 20000
0 20000
0 20000
0 20000
0 20000
0 20000
0 20000
0 20000
0 20000
0 20000
0 20000
0 20000
0 20000
0 20000
0 20000
0 20000
0 20000
0 20000
0 20000
0 20000
0 20000
0 20000
0 20000
0 20000
0 20000
0 20000
0 20000
0 20000
0 20000
0 20000
0 20000
0 20000
0 20000
0 20000
0 20000
0 20000
0 20000
0 20000
0 20000
0 20000
0 20000
0 20000
0 20000
0 20000
0 20000
0 20000
0 20000
0 20000
0 20000
0 20000
0 20000
0 20000
4020.204 20000
4021.2799999999997 20000
8523.906 20000
11004.898 20000
0 20000
7592.334000000001 20000
0 20000
0 20000
0 20000
0 20000
0 20000
0 20000
0 20000
0 20000
0 20000
0 20000
0 20000
0 20000
0 20000
0 20000
0 20000
0 20000
0 20000
0 20000
0 20000
0 20000
0 20000
0 20000
0 20000
0 20000
0 20000
0 20000
0 20000
0 20000
0 20000
0 20000
0 20000
0 20000
0 20000
0 20000
0 20000
0 20000
0 20000
0 20000
0 20000
0 20000
0 20000
0 20000
0 20000
0 20000
0 20000
0 20000
0 20000
0 20000
0 20000
0 20000
0 20000
0 20000
0 20000
0 20000
0 20000
0 20000
0 20000
0 20000
0 20000
0 20000
0 20000
0 20000
0 20000
0 20000
0 20000
0 20000
0 20000
0 20000
0 20000
6605.45 20000
3348.3779999999997 20000
0 20000
0 20000
0 20000
0 20000
0 20000
0 20000
0 20000
0 20000
0 20000
0 20000
70
